Define CharList
 ( 'A', 'B', 'C', 'D', 'E', 'F', 'G', 'H', 'I', 'J', 'K', 'L', 'M', 'N', 'O', 'P',
   'Q', 'R', 'S', 'T', 'U', 'V', 'W', 'X', 'Y', 'Z', 'a', 'b', 'c', 'd', 'e', 'f',
   'g', 'h', 'i', 'j', 'k', 'l', 'm', 'n', 'o', 'p', 'q', 'r', 's', 't', 'u', 'v',
   'w', 'x', 'y', 'z', '0', '1', '2', '3', '4', '5', '6', '7', '8', '9', '~', '`',
   '!', '@', '#', '$', '%', '^', '&', '*', '(', ')', '-', '_', '=', '+', '[', '{',
   ']', '}', ';', ':',"'", '"', ',', '<', '.', '>', '/', '?', '¡', '¢', '£', '¥',
   '§', '©', '®', '¿', 'À', 'Á', 'Â', 'Ã', 'Ä', 'Å', 'Æ', 'Ç', 'È', 'É', 'Ê', 'Ë',
   'Ì', 'Í', 'Î', 'Ï', 'Ð', 'Ñ', 'Ò', 'Ó', 'Ô', 'Õ', 'Ö', 'Ø', 'Ù', 'Ú', 'Û', 'Ü',
   'Ý', 'ß', 'à', 'á', 'â', 'ã', 'ä', 'å', 'æ', 'ç', 'è', 'é', 'ê', 'ë', 'ì', 'í',
   'î', 'ï', 'ð', 'ñ', 'ò', 'ó', 'ô', 'õ', 'ö', 'ø', 'ù', 'ú', 'û', 'ü', 'ý', 'ÿ');

Define WidthList
 (   9,  10,  10,   8,   9,   8,  11,   9,   4,   9,  10,   9,  10,   8,   9,   8,
     9,  10,   8,  10,   9,   9,  11,   8,   7,   8,   7,   7,   6,   7,   6,   8,
     7,   7,   4,   6,   8,   3,   9,   8,   7,   6,   7,   7,   6,   7,   7,   6,
     8,   6,   7,   7,   7,   3,   8,   8,   7,   8,   8,   8,   8,   8,   8,   3,
     4,  10,  11,   9,  11,   5,   7,   8,   6,   6,   7,   8,   8,   8,   5,   8,
     5,   8,   4,   4,   3,   5,   4,   8,   4,   8,   4,   6,   3,   6,   9,   7,
     8,   9,   9,   6,   9,   9,   9,   9,   9,   9,  12,  10,  10,  10,  10,  10,
     4,   4,   4,   3,   8,   8,  10,   9,   9,  10,  10,   9,   9,   9,   9,   9,
     7,  10,   8,   8,   8,   8,   8,   8,  10,   9,   6,   6,   6,   6,   4,   4,
     4,   4,   7,   8,   7,   7,   7,   7,   7,   7,   7,   7,   6,   7,   7,   7);

Define RectList
 ( (   0,  0,  9, 17), (  10,  0, 10, 17), (  21,  0, 10, 17), (  32,  0,  8, 17),
   (  41,  0, 10, 17), (  52,  0,  9, 17), (  62,  0, 11, 17), (  74,  0,  9, 17),
   (  84,  0,  3, 17), (  88,  0,  9, 17), (  98,  0, 10, 17), ( 109,  0, 10, 17),
   ( 120,  0, 10, 17), ( 131,  0,  8, 17), ( 140,  0,  9, 17), ( 150,  0,  8, 17),
   ( 159,  0,  9, 17), ( 169,  0, 10, 17), ( 180,  0,  8, 17), ( 189,  0, 10, 17),
   ( 200,  0,  9, 17), ( 210,  0,  9, 17), ( 220,  0, 11, 17), ( 232,  0,  8, 17),
   ( 241,  0,  7, 17), ( 249,  0,  8, 17), ( 258,  0,  8, 17), ( 267,  0,  7, 17),
   ( 275,  0,  6, 17), ( 282,  0,  7, 17), ( 290,  0,  6, 17), ( 297,  0,  8, 17),
   ( 306,  0,  7, 17), ( 314,  0,  8, 17), ( 323,  0,  3, 17), ( 327,  0,  6, 17),
   ( 334,  0,  8, 17), ( 343,  0,  3, 17), ( 347,  0,  9, 17), ( 357,  0,  8, 17),
   ( 366,  0,  7, 17), ( 374,  0,  7, 17), ( 382,  0,  7, 17), ( 390,  0,  7, 17),
   ( 398,  0,  7, 17), ( 406,  0,  7, 17), ( 414,  0,  7, 17), ( 422,  0,  6, 17),
   ( 429,  0,  8, 17), ( 438,  0,  6, 17), ( 445,  0,  7, 17), ( 453,  0,  7, 17),
   ( 461,  0,  7, 17), ( 469,  0,  3, 17), ( 473,  0,  8, 17), ( 482,  0,  8, 17),
   ( 491,  0,  7, 17), ( 499,  0,  8, 17), ( 508,  0,  8, 17), ( 517,  0,  8, 17),
   ( 526,  0,  7, 17), ( 534,  0,  7, 17), ( 542,  0,  8, 17), ( 551,  0,  3, 17),
   ( 555,  0,  3, 17), ( 559,  0, 10, 17), ( 570,  0, 12, 17), ( 583,  0,  8, 17),
   ( 592,  0,  9, 17), ( 602,  0,  5, 17), ( 608,  0,  5, 17), ( 614,  0,  8, 17),
   ( 623,  0,  5, 17), ( 629,  0,  4, 17), ( 634,  0,  7, 17), ( 642,  0,  7, 17),
   ( 650,  0,  7, 17), ( 658,  0,  7, 17), ( 666,  0,  5, 17), ( 672,  0,  6, 17),
   ( 679,  0,  6, 17), ( 686,  0,  6, 17), ( 693,  0,  4, 17), ( 698,  0,  4, 17),
   ( 703,  0,  3, 17), ( 707,  0,  6, 17), ( 714,  0,  3, 17), ( 718,  0,  8, 17),
   ( 727,  0,  3, 17), ( 731,  0,  8, 17), ( 740,  0,  5, 17), ( 746,  0,  6, 17),
   ( 753,  0,  3, 17), ( 757,  0,  6, 17), ( 764,  0, 10, 17), ( 775,  0,  8, 17),
   ( 784,  0,  9, 17), ( 794,  0,  9, 17), ( 804,  0,  9, 17), ( 814,  0,  6, 17),
   ( 821,  0,  9, 17), ( 831,  0,  9, 17), ( 841,  0,  9, 17), ( 851,  0,  9, 17),
   ( 861,  0,  9, 17), ( 871,  0,  9, 17), ( 881,  0, 13, 17), ( 895,  0, 10, 17),
   ( 906,  0, 10, 17), ( 917,  0, 10, 17), ( 928,  0, 10, 17), ( 939,  0, 10, 17),
   ( 950,  0,  4, 17), ( 955,  0,  4, 17), ( 960,  0,  5, 17), ( 966,  0,  6, 17),
   ( 973,  0,  9, 17), ( 983,  0,  8, 17), ( 992,  0,  9, 17), (1002,  0,  9, 17),
   (1012,  0,  9, 17), (1022,  0,  9, 17), (1032,  0,  9, 17), (1042,  0,  9, 17),
   (1052,  0,  9, 17), (1062,  0,  9, 17), (1072,  0,  9, 17), (1082,  0,  9, 17),
   (1092,  0,  7, 17), (1100,  0, 10, 17), (1111,  0,  8, 17), (1120,  0,  8, 17),
   (1129,  0,  8, 17), (1138,  0,  8, 17), (1147,  0,  8, 17), (1156,  0,  8, 17),
   (1165,  0, 10, 17), (1176,  0,  9, 17), (1186,  0,  6, 17), (1193,  0,  6, 17),
   (1200,  0,  6, 17), (1207,  0,  6, 17), (1214,  0,  3, 17), (1218,  0,  4, 17),
   (1223,  0,  5, 17), (1229,  0,  5, 17), (1235,  0,  7, 17), (1243,  0,  8, 17),
   (1252,  0,  7, 17), (1260,  0,  7, 17), (1268,  0,  7, 17), (1276,  0,  7, 17),
   (1284,  0,  7, 17), (1292,  0,  7, 17), (1300,  0,  7, 17), (1308,  0,  7, 17),
   (1316,  0,  7, 17), (1324,  0,  7, 17), (1332,  0,  7, 17), (1340,  0,  7, 17));

Define OffsetList
 ( ( 0, 0), ( 0, 0), ( 0, 0), ( 0, 0), ( 0, 0), ( 0, 0), ( 0, 0), ( 0, 0),
   ( 0, 0), ( 0, 0), ( 0, 0), ( 0, 0), ( 0, 0), ( 0, 0), ( 0, 0), ( 0, 0),
   ( 0, 0), ( 0, 0), ( 0, 0), ( 0, 0), ( 0, 0), ( 0, 0), ( 0, 0), ( 0, 0),
   ( 0, 0), ( 0, 0), ( 0, 0), ( 0, 0), ( 0, 0), ( 0, 0), ( 0, 0), ( 0, 0),
   ( 0, 0), ( 0, 0), ( 0, 0), ( 0, 0), ( 0, 0), ( 0, 0), ( 0, 0), ( 0, 0),
   ( 0, 0), ( 0, 0), ( 0, 0), ( 0, 0), ( 0, 0), ( 0, 0), ( 0, 0), ( 0, 0),
   ( 0, 0), ( 0, 0), ( 0, 0), ( 0, 0), ( 0, 0), ( 0, 0), ( 0, 0), ( 0, 0),
   ( 0, 0), ( 0, 0), ( 0, 0), ( 0, 0), ( 0, 0), ( 0, 0), ( 0, 0), ( 0, 0),
   ( 1, 0), ( 0, 0), (-1, 0), ( 0, 0), ( 2, 0), ( 0, 0), ( 1, 0), ( 0, 0),
   ( 1, 0), ( 0, 0), ( 0, 0), ( 0, 0), ( 0, 0), ( 0, 0), ( 0, 0), ( 1, 0),
   (-1, 0), ( 1, 0), ( 0, 0), ( 0, 0), ( 0, 0), ( 0, 0), ( 1, 0), ( 0, 0),
   ( 1, 0), ( 0, 0), ( 0, 0), ( 0, 0), ( 0, 0), ( 0, 0), (-1, 0), ( 0, 0),
   (-1, 0), ( 0, 0), ( 0, 0), ( 0, 0), ( 0, 0), ( 0, 0), ( 0, 0), ( 0, 0),
   ( 0, 0), ( 0, 0), (-1, 0), ( 0, 0), ( 0, 0), ( 0, 0), ( 0, 0), ( 0, 0),
   ( 0, 0), (-1, 0), (-1, 0), (-2, 0), (-1, 0), ( 0, 0), ( 0, 0), ( 0, 0),
   ( 0, 0), ( 0, 0), ( 0, 0), ( 0, 0), ( 0, 0), ( 0, 0), ( 0, 0), ( 0, 0),
   ( 0, 0), ( 0, 0), ( 0, 0), ( 0, 0), ( 0, 0), ( 0, 0), ( 0, 0), ( 0, 0),
   ( 0, 0), ( 0, 0), ( 0, 0), ( 0, 0), ( 0, 0), ( 0, 0), ( 0, 0), (-1, 0),
   (-1, 0), (-1, 0), ( 0, 0), ( 0, 0), ( 0, 0), ( 0, 0), ( 0, 0), ( 0, 0),
   ( 0, 0), ( 0, 0), ( 0, 0), ( 0, 0), ( 0, 0), ( 0, 0), ( 0, 0), ( 0, 0));

CreateLayer               Main;
LayerSetImage             Main 'BrianneTod12';
LayerSetAscent            Main 14;
LayerSetCharWidths        Main CharList WidthList;
LayerSetCharWidths        Main (' ') (4);
LayerSetImageMap          Main CharList RectList;
LayerSetCharOffsets       Main CharList OffsetList;
LayerSetAscentPadding     Main 0;
LayerSetLineSpacingOffset Main 0;
LayerSetPointSize         Main 12;

SetDefaultPointSize  12;
