Define CharList
 ( 'A', 'B', 'C', 'D', 'E', 'F', 'G', 'H', 'I', 'J', 'K', 'L', 'M', 'N', 'O', 'P',
   'Q', 'R', 'S', 'T', 'U', 'V', 'W', 'X', 'Y', 'Z', 'a', 'b', 'c', 'd', 'e', 'f',
   'g', 'h', 'i', 'j', 'k', 'l', 'm', 'n', 'o', 'p', 'q', 'r', 's', 't', 'u', 'v',
   'w', 'x', 'y', 'z', '0', '1', '2', '3', '4', '5', '6', '7', '8', '9', '~', '`',
   '!', '@', '#', '$', '%', '^', '&', '*', '(', ')', '-', '_', '=', '+', '[', '{',
   ']', '}', ';', ':',"'", '"', ',', '<', '.', '>', '/', '?', '¡', '¢', '£', '¥',
   '§', '©', '®', '¿', 'À', 'Á', 'Â', 'Ã', 'Ä', 'Å', 'Æ', 'Ç', 'È', 'É', 'Ê', 'Ë',
   'Ì', 'Í', 'Î', 'Ï', 'Ð', 'Ñ', 'Ò', 'Ó', 'Ô', 'Õ', 'Ö', 'Ø', 'Ù', 'Ú', 'Û', 'Ü',
   'Ý', 'ß', 'à', 'á', 'â', 'ã', 'ä', 'å', 'æ', 'ç', 'è', 'é', 'ê', 'ë', 'ì', 'í',
   'î', 'ï', 'ð', 'ñ', 'ò', 'ó', 'ô', 'õ', 'ö', 'ø', 'ù', 'ú', 'û', 'ü', 'ý', 'ÿ');

Define WidthList
 (  23,  26,  26,  21,  25,  23,  29,  25,  10,  23,  27,  25,  27,  23,  25,  22,
    25,  27,  21,  26,  23,  25,  29,  20,  18,  22,  19,  18,  15,  18,  17,  23,
    19,  20,   9,  17,  20,   9,  25,  21,  19,  17,  18,  19,  17,  19,  19,  17,
    21,  17,  19,  17,  18,   8,  21,  21,  18,  21,  21,  21,  21,  21,  21,   8,
    11,  26,  29,  23,  29,  12,  18,  22,  16,  16,  18,  22,  21,  21,  13,  21,
    14,  21,  12,  12,   7,  14,  12,  21,  12,  21,  12,  16,   8,  15,  24,  19,
    21,  25,  24,  17,  23,  24,  24,  24,  24,  23,  31,  26,  26,  26,  26,  26,
    10,  10,  10,   9,  22,  22,  26,  25,  25,  26,  26,  25,  23,  23,  23,  23,
    19,  26,  21,  21,  21,  21,  21,  21,  26,  23,  17,  17,  17,  17,   9,  10,
     9,  10,  19,  21,  20,  18,  19,  19,  19,  20,  18,  18,  17,  18,  19,  19);

Define RectList
 ( (   0,  0, 30, 54), (  31,  0, 31, 54), (  63,  0, 30, 54), (  94,  0, 27, 54),
   ( 122,  0, 32, 54), ( 155,  0, 29, 54), ( 185,  0, 33, 54), ( 219,  0, 29, 54),
   ( 249,  0, 13, 54), ( 263,  0, 29, 54), ( 293,  0, 32, 54), ( 326,  0, 31, 54),
   ( 358,  0, 31, 54), ( 390,  0, 26, 54), ( 417,  0, 30, 54), ( 448,  0, 28, 54),
   ( 477,  0, 31, 54), ( 509,  0, 33, 54), ( 543,  0, 27, 54), ( 571,  0, 33, 54),
   ( 605,  0, 28, 54), ( 634,  0, 29, 54), ( 664,  0, 33, 54), ( 698,  0, 26, 54),
   ( 725,  0, 23, 54), ( 749,  0, 27, 54), ( 777,  0, 26, 54), ( 804,  0, 24, 54),
   ( 829,  0, 21, 54), ( 851,  0, 22, 54), ( 874,  0, 22, 54), ( 897,  0, 28, 54),
   ( 926,  0, 25, 54), ( 952,  0, 25, 54), ( 978,  0, 14, 54), ( 993,  0, 22, 54),
   (1016,  0, 26, 54), (1043,  0, 12, 54), (1056,  0, 30, 54), (1087,  0, 27, 54),
   (1115,  0, 25, 54), (1141,  0, 23, 54), (1165,  0, 23, 54), (1189,  0, 25, 54),
   (1215,  0, 23, 54), (1239,  0, 25, 54), (1265,  0, 24, 54), (1290,  0, 23, 54),
   (1314,  0, 26, 54), (1341,  0, 22, 54), (1364,  0, 25, 54), (1390,  0, 24, 54),
   (1415,  0, 24, 54), (1440,  0, 13, 54), (1454,  0, 26, 54), (1481,  0, 25, 54),
   (1507,  0, 24, 54), (1532,  0, 26, 54), (1559,  0, 25, 54), (1585,  0, 26, 54),
   (1612,  0, 24, 54), (1637,  0, 24, 54), (1662,  0, 25, 54), (1688,  0, 14, 54),
   (1703,  0, 13, 54), (1717,  0, 31, 54), (1749,  0, 36, 54), (1786,  0, 27, 54),
   (1814,  0, 30, 54), (1845,  0, 18, 54), (1864,  0, 20, 54), (1885,  0, 27, 54),
   (1913,  0, 16, 54), (1930,  0, 16, 54), (1947,  0, 23, 54), (1971,  0, 23, 54),
   (1995,  0, 24, 54), (2020,  0, 23, 54), (2044,  0, 19, 54), (2064,  0, 20, 54),
   (2085,  0, 20, 54), (2106,  0, 21, 54), (2128,  0, 16, 54), (2145,  0, 13, 54),
   (2159,  0, 13, 54), (2173,  0, 20, 54), (2194,  0, 14, 54), (2209,  0, 25, 54),
   (2235,  0, 12, 54), (2248,  0, 25, 54), (2274,  0, 18, 54), (2293,  0, 20, 54),
   (2314,  0, 13, 54), (2328,  0, 21, 54), (2350,  0, 31, 54), (2382,  0, 27, 54),
   (2410,  0, 28, 54), (2439,  0, 30, 54), (2470,  0, 30, 54), (2501,  0, 20, 54),
   (2522,  0, 30, 54), (2553,  0, 30, 54), (2584,  0, 30, 54), (2615,  0, 30, 54),
   (2646,  0, 30, 54), (2677,  0, 30, 54), (2708,  0, 39, 54), (2748,  0, 30, 54),
   (2779,  0, 32, 54), (2812,  0, 32, 54), (2845,  0, 32, 54), (2878,  0, 32, 54),
   (2911,  0, 14, 54), (2926,  0, 15, 54), (2942,  0, 18, 54), (2961,  0, 19, 54),
   (2981,  0, 29, 54), (3011,  0, 26, 54), (3038,  0, 30, 54), (3069,  0, 30, 54),
   (3100,  0, 30, 54), (3131,  0, 30, 54), (3162,  0, 30, 54), (3193,  0, 30, 54),
   (3224,  0, 28, 54), (3253,  0, 28, 54), (3282,  0, 28, 54), (3311,  0, 28, 54),
   (3340,  0, 23, 54), (3364,  0, 29, 54), (3394,  0, 26, 54), (3421,  0, 26, 54),
   (3448,  0, 26, 54), (3475,  0, 26, 54), (3502,  0, 26, 54), (3529,  0, 26, 54),
   (3556,  0, 31, 54), (3588,  0, 26, 54), (3615,  0, 22, 54), (3638,  0, 22, 54),
   (3661,  0, 22, 54), (3684,  0, 22, 54), (3707,  0, 14, 54), (3722,  0, 15, 54),
   (3738,  0, 18, 54), (3757,  0, 19, 54), (3777,  0, 25, 54), (3803,  0, 27, 54),
   (3831,  0, 25, 54), (3857,  0, 25, 54), (3883,  0, 25, 54), (3909,  0, 25, 54),
   (3935,  0, 25, 54), (3961,  0, 25, 54), (3987,  0, 24, 54), (4012,  0, 24, 54),
   (4037,  0, 24, 54), (4062,  0, 24, 54), (4087,  0, 25, 54), (4113,  0, 25, 54));

Define OffsetList
 ( (-3, 0), (-3, 0), (-2, 0), (-3, 0), (-3, 0), (-3, 0), (-2, 0), (-3, 0),
   (-2, 0), (-3, 0), (-3, 0), (-3, 0), (-2, 0), (-2, 0), (-3, 0), (-3, 0),
   (-3, 0), (-3, 0), (-3, 0), (-3, 0), (-3, 0), (-2, 0), (-2, 0), (-3, 0),
   (-3, 0), (-3, 0), (-3, 0), (-3, 0), (-3, 0), (-2, 0), (-3, 0), (-3, 0),
   (-3, 0), (-3, 0), (-3, 0), (-3, 0), (-3, 0), (-2, 0), (-3, 0), (-3, 0),
   (-3, 0), (-3, 0), (-3, 0), (-3, 0), (-3, 0), (-3, 0), (-3, 0), (-3, 0),
   (-3, 0), (-3, 0), (-3, 0), (-3, 0), (-3, 0), (-3, 0), (-2, 0), (-2, 0),
   (-3, 0), (-3, 0), (-2, 0), (-3, 0), (-2, 0), (-3, 0), (-2, 0), (-3, 0),
   (-1, 0), (-3, 0), (-4, 0), (-3, 0), ( 2, 0), (-3, 0), (-1, 0), (-3, 0),
   ( 2, 0), (-2, 0), (-3, 0), (-1, 0), (-2, 0), (-1, 0), (-3, 0), ( 2, 0),
   (-4, 0), (-1, 0), (-2, 0), (-1, 0), (-3, 0), (-3, 0), (-1, 0), (-2, 0),
   ( 0, 0), (-2, 0), (-3, 0), (-3, 0), (-2, 0), (-3, 0), (-4, 0), (-3, 0),
   (-4, 0), (-3, 0), (-3, 0), (-3, 0), (-3, 0), (-3, 0), (-3, 0), (-3, 0),
   (-3, 0), (-3, 0), (-4, 0), (-2, 0), (-3, 0), (-3, 0), (-3, 0), (-3, 0),
   (-2, 0), (-4, 0), (-5, 0), (-6, 0), (-5, 0), (-2, 0), (-3, 0), (-3, 0),
   (-3, 0), (-3, 0), (-3, 0), (-3, 0), (-3, 0), (-3, 0), (-3, 0), (-3, 0),
   (-3, 0), (-1, 0), (-3, 0), (-3, 0), (-3, 0), (-3, 0), (-3, 0), (-3, 0),
   (-3, 0), (-1, 0), (-3, 0), (-3, 0), (-3, 0), (-3, 0), (-3, 0), (-4, 0),
   (-5, 0), (-5, 0), (-3, 0), (-3, 0), (-3, 0), (-3, 0), (-3, 0), (-3, 0),
   (-3, 0), (-3, 0), (-3, 0), (-3, 0), (-3, 0), (-3, 0), (-3, 0), (-3, 0));

CreateLayer               Outline;
LayerSetImage             Outline 'BrianneTod32Outline';
LayerSetAscent            Outline 42;
LayerSetCharWidths        Outline CharList WidthList;
LayerSetCharWidths        Outline (' ') (11);
LayerSetImageMap          Outline CharList RectList;
LayerSetCharOffsets       Outline CharList OffsetList;
LayerSetAscentPadding     Outline 3;
LayerSetLineSpacingOffset Outline 3;
LayerSetPointSize         Outline 32;
LayerSetColorMult         Outline 0;

CreateLayer               Main;
LayerSetImage             Main 'BrianneTod32';
LayerSetAscent            Main 42;
LayerSetCharWidths        Main CharList WidthList;
LayerSetCharWidths        Main (' ') (11);
LayerSetImageMap          Main CharList RectList;
LayerSetCharOffsets       Main CharList OffsetList;
LayerSetAscentPadding     Main 3;
LayerSetLineSpacingOffset Main 3;
LayerSetPointSize         Main 32;

SetDefaultPointSize  32;
