Define CharList
 ( 'A', 'B', 'C', 'D', 'E', 'F', 'G', 'H', 'I', 'J', 'K', 'L', 'M', 'N', 'O', 'P',
   'Q', 'R', 'S', 'T', 'U', 'V', 'W', 'X', 'Y', 'Z', 'a', 'b', 'c', 'd', 'e', 'f',
   'g', 'h', 'i', 'j', 'k', 'l', 'm', 'n', 'o', 'p', 'q', 'r', 's', 't', 'u', 'v',
   'w', 'x', 'y', 'z', '0', '1', '2', '3', '4', '5', '6', '7', '8', '9', '~', '`',
   '!', '@', '#', '$', '%', '^', '&', '*', '(', ')', '-', '_', '=', '+', '[', '{',
   ']', '}', ';', ':',"'", '"', ',', '<', '.', '>', '/', '?', '¡', '¢', '£', '¥',
   '§', '©', '®', '¿', 'À', 'Á', 'Â', 'Ã', 'Ä', 'Å', 'Æ', 'Ç', 'È', 'É', 'Ê', 'Ë',
   'Ì', 'Í', 'Î', 'Ï', 'Ð', 'Ñ', 'Ò', 'Ó', 'Ô', 'Õ', 'Ö', 'Ø', 'Ù', 'Ú', 'Û', 'Ü',
   'Ý', 'ß', 'à', 'á', 'â', 'ã', 'ä', 'å', 'æ', 'ç', 'è', 'é', 'ê', 'ë', 'ì', 'í',
   'î', 'ï', 'ð', 'ñ', 'ò', 'ó', 'ô', 'õ', 'ö', 'ø', 'ù', 'ú', 'û', 'ü', 'ý', 'ÿ');

Define WidthList
 (  11,  13,  13,  10,  12,  11,  14,  12,   5,  11,  13,  12,  13,  11,  12,  11,
    12,  13,  10,  13,  11,  12,  14,  10,   9,  11,   9,   9,   7,   9,   8,  11,
     9,  10,   5,   8,  10,   4,  12,  10,   9,   8,   9,   9,   8,   9,   9,   8,
    10,   8,   9,   9,   9,   4,  10,  10,   9,  10,  10,  10,  10,  10,  10,   4,
     5,  13,  14,  11,  14,   6,   9,  11,   8,   8,   9,  11,  10,  10,   6,  10,
     7,  10,   6,   6,   4,   7,   6,  10,   6,  10,   6,   8,   4,   7,  12,   9,
    10,  12,  12,   8,  11,  12,  12,  12,  12,  11,  15,  13,  13,  13,  13,  13,
     5,   5,   5,   5,  11,  11,  12,  12,  12,  12,  13,  12,  11,  11,  11,  11,
     9,  13,  10,  10,  10,  10,  10,  10,  13,  11,   8,   8,   8,   8,   5,   5,
     5,   5,   9,  10,  10,   9,   9,   9,   9,  10,   9,   9,   8,   9,   9,   9);

Define RectList
 ( (   0,  0, 12, 23), (  13,  0, 13, 23), (  27,  0, 13, 23), (  41,  0, 10, 23),
   (  52,  0, 13, 23), (  66,  0, 11, 23), (  78,  0, 14, 23), (  93,  0, 12, 23),
   ( 106,  0,  4, 23), ( 111,  0, 11, 23), ( 123,  0, 13, 23), ( 137,  0, 12, 23),
   ( 150,  0, 13, 23), ( 164,  0, 11, 23), ( 176,  0, 12, 23), ( 189,  0, 11, 23),
   ( 201,  0, 12, 23), ( 214,  0, 13, 23), ( 228,  0, 11, 23), ( 240,  0, 13, 23),
   ( 254,  0, 11, 23), ( 266,  0, 12, 23), ( 279,  0, 14, 23), ( 294,  0, 10, 23),
   ( 305,  0,  9, 23), ( 315,  0, 11, 23), ( 327,  0, 10, 23), ( 338,  0,  9, 23),
   ( 348,  0,  7, 23), ( 356,  0,  9, 23), ( 366,  0,  8, 23), ( 375,  0, 11, 23),
   ( 387,  0,  9, 23), ( 397,  0, 10, 23), ( 408,  0,  4, 23), ( 413,  0,  8, 23),
   ( 422,  0, 10, 23), ( 433,  0,  4, 23), ( 438,  0, 12, 23), ( 451,  0, 10, 23),
   ( 462,  0,  9, 23), ( 472,  0,  9, 23), ( 482,  0,  9, 23), ( 492,  0,  9, 23),
   ( 502,  0,  9, 23), ( 512,  0,  9, 23), ( 522,  0,  9, 23), ( 532,  0,  8, 23),
   ( 541,  0, 10, 23), ( 552,  0,  8, 23), ( 561,  0,  9, 23), ( 571,  0,  9, 23),
   ( 581,  0,  9, 23), ( 591,  0,  4, 23), ( 596,  0, 10, 23), ( 607,  0, 10, 23),
   ( 618,  0,  9, 23), ( 628,  0, 10, 23), ( 639,  0, 10, 23), ( 650,  0, 10, 23),
   ( 661,  0, 10, 23), ( 672,  0,  9, 23), ( 682,  0, 10, 23), ( 693,  0,  4, 23),
   ( 698,  0,  4, 23), ( 703,  0, 12, 23), ( 716,  0, 15, 23), ( 732,  0, 11, 23),
   ( 744,  0, 12, 23), ( 757,  0,  6, 23), ( 764,  0,  7, 23), ( 772,  0, 10, 23),
   ( 783,  0,  6, 23), ( 790,  0,  6, 23), ( 797,  0,  9, 23), ( 807,  0,  9, 23),
   ( 817,  0,  9, 23), ( 827,  0,  8, 23), ( 836,  0,  7, 23), ( 844,  0,  8, 23),
   ( 853,  0,  8, 23), ( 862,  0,  7, 23), ( 870,  0,  5, 23), ( 876,  0,  4, 23),
   ( 881,  0,  4, 23), ( 886,  0,  7, 23), ( 894,  0,  4, 23), ( 899,  0, 10, 23),
   ( 910,  0,  4, 23), ( 915,  0, 10, 23), ( 926,  0,  6, 23), ( 933,  0,  7, 23),
   ( 941,  0,  4, 23), ( 946,  0,  8, 23), ( 955,  0, 13, 23), ( 969,  0, 10, 23),
   ( 980,  0, 11, 23), ( 992,  0, 12, 23), (1005,  0, 12, 23), (1018,  0,  7, 23),
   (1026,  0, 12, 23), (1039,  0, 12, 23), (1052,  0, 12, 23), (1065,  0, 12, 23),
   (1078,  0, 12, 23), (1091,  0, 12, 23), (1104,  0, 17, 23), (1122,  0, 13, 23),
   (1136,  0, 13, 23), (1150,  0, 13, 23), (1164,  0, 13, 23), (1178,  0, 13, 23),
   (1192,  0,  5, 23), (1198,  0,  5, 23), (1204,  0,  6, 23), (1211,  0,  7, 23),
   (1219,  0, 11, 23), (1231,  0, 11, 23), (1243,  0, 12, 23), (1256,  0, 12, 23),
   (1269,  0, 12, 23), (1282,  0, 12, 23), (1295,  0, 12, 23), (1308,  0, 12, 23),
   (1321,  0, 11, 23), (1333,  0, 11, 23), (1345,  0, 11, 23), (1357,  0, 11, 23),
   (1369,  0,  9, 23), (1379,  0, 12, 23), (1392,  0, 10, 23), (1403,  0, 10, 23),
   (1414,  0, 10, 23), (1425,  0, 10, 23), (1436,  0, 10, 23), (1447,  0, 10, 23),
   (1458,  0, 13, 23), (1472,  0, 10, 23), (1483,  0,  8, 23), (1492,  0,  8, 23),
   (1501,  0,  8, 23), (1510,  0,  8, 23), (1519,  0,  4, 23), (1524,  0,  5, 23),
   (1530,  0,  6, 23), (1537,  0,  7, 23), (1545,  0,  9, 23), (1555,  0, 10, 23),
   (1566,  0,  9, 23), (1576,  0,  9, 23), (1586,  0,  9, 23), (1596,  0,  9, 23),
   (1606,  0,  9, 23), (1616,  0,  9, 23), (1626,  0,  9, 23), (1636,  0,  9, 23),
   (1646,  0,  9, 23), (1656,  0,  9, 23), (1666,  0,  9, 23), (1676,  0,  9, 23));

Define OffsetList
 ( ( 0, 0), ( 0, 0), ( 0, 0), ( 0, 0), ( 0, 0), ( 0, 0), ( 0, 0), ( 0, 0),
   ( 0, 0), ( 0, 0), ( 0, 0), ( 0, 0), ( 0, 0), ( 0, 0), ( 0, 0), ( 0, 0),
   ( 0, 0), ( 0, 0), ( 0, 0), ( 0, 0), ( 0, 0), ( 0, 0), ( 0, 0), ( 0, 0),
   ( 0, 0), ( 0, 0), ( 0, 0), ( 0, 0), ( 0, 0), ( 0, 0), ( 0, 0), ( 0, 0),
   ( 0, 0), ( 0, 0), ( 0, 0), ( 0, 0), ( 0, 0), ( 0, 0), ( 0, 0), ( 0, 0),
   ( 0, 0), ( 0, 0), ( 0, 0), ( 0, 0), ( 0, 0), ( 0, 0), ( 0, 0), ( 0, 0),
   ( 0, 0), ( 0, 0), ( 0, 0), ( 0, 0), ( 0, 0), ( 0, 0), ( 0, 0), ( 0, 0),
   ( 0, 0), ( 0, 0), ( 0, 0), ( 0, 0), ( 0, 0), ( 0, 0), ( 0, 0), ( 0, 0),
   ( 1, 0), ( 0, 0), (-1, 0), ( 0, 0), ( 2, 0), ( 0, 0), ( 1, 0), ( 0, 0),
   ( 2, 0), ( 0, 0), ( 0, 0), ( 1, 0), ( 0, 0), ( 1, 0), ( 0, 0), ( 2, 0),
   (-1, 0), ( 1, 0), ( 0, 0), ( 1, 0), ( 0, 0), ( 0, 0), ( 1, 0), ( 0, 0),
   ( 1, 0), ( 0, 0), ( 0, 0), ( 0, 0), ( 0, 0), ( 0, 0), (-1, 0), ( 0, 0),
   (-1, 0), ( 0, 0), ( 0, 0), ( 0, 0), ( 0, 0), ( 0, 0), ( 0, 0), ( 0, 0),
   ( 0, 0), ( 0, 0), (-1, 0), ( 0, 0), ( 0, 0), ( 0, 0), ( 0, 0), ( 0, 0),
   ( 0, 0), (-1, 0), (-1, 0), (-2, 0), (-1, 0), ( 0, 0), ( 0, 0), ( 0, 0),
   ( 0, 0), ( 0, 0), ( 0, 0), ( 0, 0), ( 0, 0), ( 0, 0), ( 0, 0), ( 0, 0),
   ( 0, 0), ( 1, 0), ( 0, 0), ( 0, 0), ( 0, 0), ( 0, 0), ( 0, 0), ( 0, 0),
   ( 0, 0), ( 1, 0), ( 0, 0), ( 0, 0), ( 0, 0), ( 0, 0), ( 0, 0), (-1, 0),
   (-1, 0), (-1, 0), ( 0, 0), ( 0, 0), ( 0, 0), ( 0, 0), ( 0, 0), ( 0, 0),
   ( 0, 0), ( 0, 0), ( 0, 0), ( 0, 0), ( 0, 0), ( 0, 0), ( 0, 0), ( 0, 0));

CreateLayer               Main;
LayerSetImage             Main 'BrianneTod16';
LayerSetAscent            Main 19;
LayerSetCharWidths        Main CharList WidthList;
LayerSetCharWidths        Main (' ') (5);
LayerSetImageMap          Main CharList RectList;
LayerSetCharOffsets       Main CharList OffsetList;
LayerSetAscentPadding     Main 0;
LayerSetLineSpacingOffset Main 0;
LayerSetPointSize         Main 16;

SetDefaultPointSize  16;
