Define CharList
 ( 'A', 'B', 'C', 'D', 'E', 'F', 'G', 'H', 'I', 'J', 'K', 'L', 'M', 'N', 'O', 'P',
   'Q', 'R', 'S', 'T', 'U', 'V', 'W', 'X', 'Y', 'Z', 'a', 'b', 'c', 'd', 'e', 'f',
   'g', 'h', 'i', 'j', 'k', 'l', 'm', 'n', 'o', 'p', 'q', 'r', 's', 't', 'u', 'v',
   'w', 'x', 'y', 'z', '0', '1', '2', '3', '4', '5', '6', '7', '8', '9', '~', '`',
   '!', '@', '#', '$', '%', '^', '&', '*', '(', ')', '-', '_', '=', '+', '[', ']',
   ';', ':',"'", '"', ',', '<', '.', '>', '/', '?');

Define WidthList
 (  11,  12,  10,  11,  10,  10,  12,  11,   5,   6,  10,  10,  15,  12,  11,  11,
    11,  11,  10,   9,  11,  11,  16,  11,  12,  10,  10,  10,   8,  10,  10,   6,
    10,  10,   4,   4,  10,   4,  14,  10,  11,  10,  10,   5,   9,   5,  10,  10,
    13,   9,  10,  10,  12,  11,  11,  11,  11,  12,  11,  11,  11,  11,  11,   7,
     5,  14,  13,   9,  17,  11,  13,   8,   6,   6,   6,  10,  13,  11,   4,   5,
     5,   5,   4,   6,   5,  10,   4,  11,  11,  10);

Define RectList
 ( (   0,  0, 21, 26), (  23,  0, 18, 26), (  43,  0, 17, 26), (  62,  0, 18, 26),
   (  82,  0, 17, 26), ( 101,  0, 17, 26), ( 120,  0, 18, 26), ( 140,  0, 18, 26),
   ( 160,  0, 11, 26), ( 173,  0, 13, 26), ( 188,  0, 19, 26), ( 209,  0, 17, 26),
   ( 228,  0, 21, 26), ( 251,  0, 18, 26), ( 271,  0, 18, 26), ( 291,  0, 18, 26),
   ( 311,  0, 18, 26), ( 331,  0, 18, 26), ( 351,  0, 17, 26), ( 370,  0, 17, 26),
   ( 389,  0, 18, 26), ( 409,  0, 21, 26), ( 432,  0, 24, 26), ( 458,  0, 21, 26),
   ( 481,  0, 20, 26), ( 503,  0, 18, 26), ( 523,  0, 17, 26), ( 542,  0, 17, 26),
   ( 561,  0, 16, 26), ( 579,  0, 17, 26), ( 598,  0, 17, 26), ( 617,  0, 13, 26),
   ( 632,  0, 17, 26), ( 651,  0, 17, 26), ( 670,  0, 12, 26), ( 684,  0, 14, 26),
   ( 700,  0, 17, 26), ( 719,  0, 12, 26), ( 733,  0, 21, 26), ( 756,  0, 17, 26),
   ( 775,  0, 17, 26), ( 794,  0, 17, 26), ( 813,  0, 17, 26), ( 832,  0, 13, 26),
   ( 847,  0, 17, 26), ( 866,  0, 13, 26), ( 881,  0, 17, 26), ( 900,  0, 19, 26),
   ( 921,  0, 22, 26), ( 945,  0, 18, 26), ( 965,  0, 17, 26), ( 984,  0, 17, 26),
   (1003,  0, 18, 26), (1023,  0, 12, 26), (1037,  0, 17, 26), (1056,  0, 17, 26),
   (1075,  0, 17, 26), (1094,  0, 18, 26), (1114,  0, 18, 26), (1134,  0, 18, 26),
   (1154,  0, 18, 26), (1174,  0, 18, 26), (1194,  0, 17, 26), (1213,  0, 13, 26),
   (1228,  0, 12, 26), (1242,  0, 21, 26), (1265,  0, 21, 26), (1288,  0, 17, 26),
   (1307,  0, 24, 26), (1333,  0, 17, 26), (1352,  0, 20, 26), (1374,  0, 16, 26),
   (1392,  0, 13, 26), (1407,  0, 13, 26), (1422,  0, 14, 26), (1438,  0, 19, 26),
   (1459,  0, 20, 26), (1481,  0, 18, 26), (1501,  0, 12, 26), (1515,  0, 12, 26),
   (1529,  0, 13, 26), (1544,  0, 12, 26), (1558,  0, 11, 26), (1571,  0, 14, 26),
   (1587,  0, 12, 26), (1601,  0, 19, 26), (1622,  0, 12, 26), (1636,  0, 19, 26),
   (1657,  0, 19, 26), (1678,  0, 17, 26));

Define OffsetList
 ( (-1, 5), ( 1, 5), ( 0, 5), ( 0, 5), ( 1, 5), ( 1, 5), ( 1, 5), ( 0, 5),
   ( 1, 5), ( 0, 5), ( 0, 5), ( 1, 5), ( 1, 5), ( 1, 5), ( 0, 5), ( 0, 5),
   ( 0, 5), ( 0, 5), ( 0, 5), ( 0, 5), ( 0, 5), (-1, 5), ( 0, 5), (-1, 5),
   ( 0, 5), ( 0, 5), ( 0, 5), ( 0, 5), ( 0, 5), ( 1, 5), ( 1, 5), ( 1, 5),
   ( 0, 5), ( 0, 5), ( 0, 5), (-1, 5), ( 1, 5), ( 0, 5), ( 1, 5), ( 1, 5),
   ( 1, 5), ( 0, 5), ( 0, 5), ( 0, 5), ( 0, 5), ( 1, 5), ( 1, 5), ( 0, 5),
   ( 0, 5), ( 0, 5), ( 1, 5), ( 1, 5), ( 1, 5), ( 3, 5), ( 1, 5), ( 1, 5),
   ( 1, 5), ( 1, 5), ( 0, 5), ( 0, 5), ( 0, 5), ( 1, 5), ( 1, 5), ( 0, 5),
   ( 0, 5), ( 0, 5), ( 0, 5), ( 0, 5), ( 1, 5), ( 1, 5), ( 0, 5), ( 0, 5),
   ( 1, 5), ( 0, 5), ( 0, 5), (-1, 5), ( 0, 5), ( 0, 5), ( 0, 5), ( 1, 5),
   ( 0, 5), ( 0, 5), ( 0, 5), ( 0, 5), ( 0, 5), (-1, 5), ( 0, 5), ( 0, 5),
   ( 0, 5), ( 0, 5));

CreateLayer               Main;
LayerSetImage             Main 'ContinuumBold14';
LayerSetAscent            Main 23;
LayerSetCharWidths        Main CharList WidthList;
LayerSetCharWidths        Main (' ') (5);
LayerSetCharOffsets       Main CharList OffsetList;
LayerSetAscentPadding     Main 4;
LayerSetLineSpacingOffset Main -4;
LayerSetPointSize         Main 14;
LayerSetImageMap          Main CharList RectList;

SetDefaultPointSize  14;
