Define CharList
 ( 'A', 'B', 'C', 'D', 'E', 'F', 'G', 'H', 'I', 'J', 'K', 'L', 'M', 'N', 'O', 'P',
   'Q', 'R', 'S', 'T', 'U', 'V', 'W', 'X', 'Y', 'Z', 'a', 'b', 'c', 'd', 'e', 'f',
   'g', 'h', 'i', 'j', 'k', 'l', 'm', 'n', 'o', 'p', 'q', 'r', 's', 't', 'u', 'v',
   'w', 'x', 'y', 'z', '0', '1', '2', '3', '4', '5', '6', '7', '8', '9', '~', '`',
   '!', '@', '#', '$', '%', '^', '&', '*', '(', ')', '-', '_', '=', '+', '[', '{',
   ']', '}', ';', ':',"'", '"', ',', '<', '.', '>', '/', '?', '¡', '¢', '£', '¥',
   '§', '©', '®', '¿', 'À', 'Á', 'Â', 'Ã', 'Ä', 'Å', 'Æ', 'Ç', 'È', 'É', 'Ê', 'Ë',
   'Ì', 'Í', 'Î', 'Ï', 'Ð', 'Ñ', 'Ò', 'Ó', 'Ô', 'Õ', 'Ö', 'Ø', 'Ù', 'Ú', 'Û', 'Ü',
   'Ý', 'ß', 'à', 'á', 'â', 'ã', 'ä', 'å', 'æ', 'ç', 'è', 'é', 'ê', 'ë', 'ì', 'í',
   'î', 'ï', 'ð', 'ñ', 'ò', 'ó', 'ô', 'õ', 'ö', 'ø', 'ù', 'ú', 'û', 'ü', 'ý', 'ÿ');

Define WidthList
 (  11,   9,  10,   9,   9,   8,  10,  11,   6,   6,  10,   8,  15,  12,  11,   9,
    11,  10,   7,  10,  11,  11,  16,  13,  11,  10,   8,   7,   7,   7,   6,   6,
     8,   8,   4,   4,   8,   6,  11,   8,   8,   7,  10,   8,   6,   8,   8,   8,
    12,  10,   9,   7,   8,   5,   8,   8,   9,   8,   8,   9,   8,   8,   8,   3,
     4,  12,   7,   6,   8,   5,   7,   5,   4,   4,   6,   5,   7,   6,   4,   5,
     4,   5,   4,   4,   3,  11,   4,   6,   4,   6,   6,   6,   4,   7,   6,   7,
     5,   9,   8,   7,  11,  11,  11,  11,  11,  11,  13,   5,   9,   9,   9,   9,
     6,   6,   6,   6,   9,  12,  11,  11,  11,  11,  11,  11,  11,  11,  11,  11,
    11,   7,   8,   8,   8,   8,  11,  11,  13,   6,   6,   6,   6,   6,   4,   4,
     4,   5,   8,   8,   8,   8,   8,   8,  11,   8,   8,   8,   8,   8,   8,   8);

Define RectList
 ( (   0,  0, 17, 21), (  18,  0, 15, 21), (  34,  0, 15, 21), (  50,  0, 15, 21),
   (  66,  0, 14, 21), (  81,  0, 14, 21), (  96,  0, 16, 21), ( 113,  0, 17, 21),
   ( 131,  0, 11, 21), ( 143,  0, 11, 21), ( 155,  0, 16, 21), ( 172,  0, 14, 21),
   ( 187,  0, 20, 21), ( 208,  0, 17, 21), ( 226,  0, 16, 21), ( 243,  0, 15, 21),
   ( 259,  0, 17, 21), ( 277,  0, 16, 21), ( 294,  0, 13, 21), ( 308,  0, 16, 21),
   ( 325,  0, 17, 21), ( 343,  0, 17, 21), ( 361,  0, 21, 21), ( 383,  0, 18, 21),
   ( 402,  0, 18, 21), ( 421,  0, 15, 21), ( 437,  0, 14, 21), ( 452,  0, 13, 21),
   ( 466,  0, 13, 21), ( 480,  0, 13, 21), ( 494,  0, 12, 21), ( 507,  0, 12, 21),
   ( 520,  0, 14, 21), ( 535,  0, 14, 21), ( 550,  0, 10, 21), ( 561,  0, 10, 21),
   ( 572,  0, 13, 21), ( 586,  0, 12, 21), ( 599,  0, 17, 21), ( 617,  0, 14, 21),
   ( 632,  0, 14, 21), ( 647,  0, 12, 21), ( 660,  0, 15, 21), ( 676,  0, 14, 21),
   ( 691,  0, 12, 21), ( 704,  0, 13, 21), ( 718,  0, 14, 21), ( 733,  0, 14, 21),
   ( 748,  0, 18, 21), ( 767,  0, 15, 21), ( 783,  0, 15, 21), ( 799,  0, 13, 21),
   ( 813,  0, 14, 21), ( 828,  0, 11, 21), ( 840,  0, 14, 21), ( 855,  0, 13, 21),
   ( 869,  0, 15, 21), ( 885,  0, 14, 21), ( 900,  0, 14, 21), ( 915,  0, 14, 21),
   ( 930,  0, 14, 21), ( 945,  0, 14, 21), ( 960,  0, 14, 21), ( 975,  0, 10, 21),
   ( 986,  0,  9, 21), ( 996,  0, 16, 21), (1013,  0, 14, 21), (1028,  0, 12, 21),
   (1041,  0, 14, 21), (1056,  0, 10, 21), (1067,  0, 13, 21), (1081,  0, 11, 21),
   (1093,  0, 10, 21), (1104,  0, 10, 21), (1115,  0, 12, 21), (1128,  0, 12, 21),
   (1141,  0, 13, 21), (1155,  0, 13, 21), (1169,  0, 10, 21), (1180,  0, 11, 21),
   (1192,  0, 10, 21), (1203,  0, 11, 21), (1215,  0, 10, 21), (1226,  0,  9, 21),
   (1236,  0, 10, 21), (1247,  0, 21, 21), (1269,  0, 10, 21), (1280,  0, 12, 21),
   (1293,  0,  9, 21), (1303,  0, 12, 21), (1316,  0, 13, 21), (1330,  0, 12, 21),
   (1343,  0,  9, 21), (1353,  0, 13, 21), (1367,  0, 13, 21), (1381,  0, 14, 21),
   (1396,  0, 11, 21), (1408,  0, 14, 21), (1423,  0, 14, 21), (1438,  0, 12, 21),
   (1451,  0, 17, 21), (1469,  0, 17, 21), (1487,  0, 17, 21), (1505,  0, 17, 21),
   (1523,  0, 17, 21), (1541,  0, 17, 21), (1559,  0, 19, 21), (1579,  0, 13, 21),
   (1593,  0, 14, 21), (1608,  0, 14, 21), (1623,  0, 14, 21), (1638,  0, 14, 21),
   (1653,  0, 11, 21), (1665,  0, 11, 21), (1677,  0, 11, 21), (1689,  0, 11, 21),
   (1701,  0, 15, 21), (1717,  0, 17, 21), (1735,  0, 16, 21), (1752,  0, 16, 21),
   (1769,  0, 16, 21), (1786,  0, 16, 21), (1803,  0, 16, 21), (1820,  0, 16, 21),
   (1837,  0, 17, 21), (1855,  0, 17, 21), (1873,  0, 17, 21), (1891,  0, 17, 21),
   (1909,  0, 18, 21), (1928,  0, 13, 21), (1942,  0, 14, 21), (1957,  0, 14, 21),
   (1972,  0, 14, 21), (1987,  0, 14, 21), (2002,  0, 17, 21), (2020,  0, 17, 21),
   (2038,  0, 19, 21), (2058,  0, 11, 21), (2070,  0, 12, 21), (2083,  0, 12, 21),
   (2096,  0, 12, 21), (2109,  0, 12, 21), (2122,  0, 10, 21), (2133,  0, 10, 21),
   (2144,  0, 10, 21), (2155,  0, 11, 21), (2167,  0, 14, 21), (2182,  0, 14, 21),
   (2197,  0, 14, 21), (2212,  0, 14, 21), (2227,  0, 14, 21), (2242,  0, 14, 21),
   (2257,  0, 16, 21), (2274,  0, 14, 21), (2289,  0, 14, 21), (2304,  0, 14, 21),
   (2319,  0, 14, 21), (2334,  0, 14, 21), (2349,  0, 15, 21), (2365,  0, 15, 21));

Define OffsetList
 ( (-3, 0), (-3, 0), (-3, 0), (-3, 0), (-3, 0), (-3, 0), (-3, 0), (-3, 0),
   (-3, 0), (-3, 0), (-3, 0), (-3, 0), (-3, 0), (-3, 0), (-3, 0), (-3, 0),
   (-3, 0), (-3, 0), (-3, 0), (-3, 0), (-3, 0), (-3, 0), (-3, 0), (-2, 0),
   (-3, 0), (-3, 0), (-3, 0), (-3, 0), (-3, 0), (-3, 0), (-3, 0), (-3, 0),
   (-3, 0), (-3, 0), (-3, 0), (-3, 0), (-3, 0), (-3, 0), (-3, 0), (-3, 0),
   (-3, 0), (-3, 0), (-3, 0), (-3, 0), (-3, 0), (-3, 0), (-3, 0), (-3, 0),
   (-3, 0), (-3, 0), (-3, 0), (-3, 0), (-3, 0), (-3, 0), (-3, 0), (-3, 0),
   (-3, 0), (-3, 0), (-3, 0), (-3, 0), (-3, 0), (-3, 0), (-3, 0), (-4, 0),
   (-3, 0), (-2, 0), (-3, 0), (-3, 0), (-3, 0), (-3, 0), (-3, 0), (-3, 0),
   (-3, 0), (-3, 0), (-3, 0), (-3, 0), (-3, 0), (-3, 0), (-3, 0), (-3, 0),
   (-3, 0), (-3, 0), (-3, 0), (-3, 0), (-4, 0), (-5, 0), (-3, 0), (-3, 0),
   (-3, 0), (-3, 0), (-3, 0), (-3, 0), (-3, 0), (-3, 0), (-3, 0), (-4, 0),
   (-3, 0), (-3, 0), (-3, 0), (-3, 0), (-3, 0), (-3, 0), (-3, 0), (-3, 0),
   (-3, 0), (-3, 0), (-3, 0), (-4, 0), (-3, 0), (-3, 0), (-3, 0), (-3, 0),
   (-3, 0), (-3, 0), (-3, 0), (-3, 0), (-3, 0), (-3, 0), (-3, 0), (-3, 0),
   (-3, 0), (-3, 0), (-3, 0), (-3, 0), (-3, 0), (-3, 0), (-3, 0), (-3, 0),
   (-3, 0), (-3, 0), (-3, 0), (-3, 0), (-3, 0), (-3, 0), (-3, 0), (-3, 0),
   (-3, 0), (-3, 0), (-3, 0), (-3, 0), (-3, 0), (-3, 0), (-3, 0), (-3, 0),
   (-3, 0), (-3, 0), (-3, 0), (-3, 0), (-3, 0), (-3, 0), (-3, 0), (-3, 0),
   (-3, 0), (-3, 0), (-3, 0), (-3, 0), (-3, 0), (-3, 0), (-3, 0), (-3, 0));

Define KerningPairs
 ("AV","AW","Av","Aw","F,","F.","LT","LV","LW","P,","P.","PA","T,","T.","TA","Ta",
  "V,","V.","VA","Va","W,","W.","WA","Wa","Wo","Y,","Y.","Yq","w,","w.","y,","y.");

Define KerningValues
 (  -1,  -1,  -1,  -1,  -1,  -1,  -1,  -1,  -1,  -2,  -2,  -1,  -1,  -1,  -1,  -1,
    -1,  -1,  -1,  -1,  -2,  -2,  -2,  -1,  -1,  -1,  -1,  -1,  -1,  -1,  -1,  -1);

CreateLayer               Main;
LayerSetImage             Main 'DwarvenTodcraft12';
LayerSetAscent            Main 15;
LayerSetCharWidths        Main CharList WidthList;
LayerSetCharWidths        Main (' ') (7);
LayerSetKerningPairs      Main KerningPairs KerningValues;
LayerSetImageMap          Main CharList RectList;
LayerSetCharOffsets       Main CharList OffsetList;
LayerSetAscentPadding     Main 3;
LayerSetLineSpacingOffset Main 0;
LayerSetPointSize         Main 12;

SetDefaultPointSize  12;
