Define CharList
 ( 'A', 'B', 'C', 'D', 'E', 'F', 'G', 'H', 'I', 'J', 'K', 'L', 'M', 'N', 'O', 'P',
   'Q', 'R', 'S', 'T', 'U', 'V', 'W', 'X', 'Y', 'Z', 'a', 'b', 'c', 'd', 'e', 'f',
   'g', 'h', 'i', 'j', 'k', 'l', 'm', 'n', 'o', 'p', 'q', 'r', 's', 't', 'u', 'v',
   'w', 'x', 'y', 'z', '0', '1', '2', '3', '4', '5', '6', '7', '8', '9', '~', '`',
   '!', '@', '#', '$', '%', '^', '&', '*', '(', ')', '-', '_', '=', '+', '[', '{',
   ']', '}', ';', ':',"'", '"', ',', '<', '.', '>', '/', '?', '¡', '¢', '£', '¥',
   '§', '©', '®', '¿', 'À', 'Á', 'Â', 'Ã', 'Ä', 'Å', 'Æ', 'Ç', 'È', 'É', 'Ê', 'Ë',
   'Ì', 'Í', 'Î', 'Ï', 'Ð', 'Ñ', 'Ò', 'Ó', 'Ô', 'Õ', 'Ö', 'Ø', 'Ù', 'Ú', 'Û', 'Ü',
   'Ý', 'ß', 'à', 'á', 'â', 'ã', 'ä', 'å', 'æ', 'ç', 'è', 'é', 'ê', 'ë', 'ì', 'í',
   'î', 'ï', 'ð', 'ñ', 'ò', 'ó', 'ô', 'õ', 'ö', 'ø', 'ù', 'ú', 'û', 'ü', 'ý', 'ÿ');

Define WidthList
 (  14,  11,  12,  11,  11,  10,  12,  14,   7,   7,  13,  10,  18,  14,  14,  11,
    14,  12,   9,  12,  14,  14,  20,  16,  14,  12,  10,   8,   9,   8,   8,   8,
    10,  10,   6,   6,   9,   8,  13,  10,  10,   8,  12,   9,   7,   9,  10,  10,
    15,  12,  12,   9,  10,   6,  10,   9,  11,  10,  10,  11,  10,  10,  10,   3,
     4,  14,   9,   8,  10,   6,   8,   7,   4,   5,   7,   7,   9,   8,   5,   6,
     5,   6,   5,   5,   3,  11,   5,   7,   5,   7,   7,   8,   4,   9,   8,   8,
     7,  11,  10,   9,  14,  14,  14,  14,  14,  14,  16,   7,  11,  11,  11,  11,
     7,   7,   7,   7,  11,  14,  14,  14,  14,  14,  14,  14,  14,  14,  14,  14,
    14,   8,  10,  10,  10,  10,  14,  14,  16,   7,   8,   8,   8,   8,   5,   5,
     5,   6,  10,  10,  10,  10,  10,  10,  14,  10,  10,  10,  10,  10,  11,  11);

Define RectList
 ( (   0,  0, 19, 24), (  20,  0, 17, 24), (  38,  0, 17, 24), (  56,  0, 16, 24),
   (  73,  0, 16, 24), (  90,  0, 15, 24), ( 106,  0, 18, 24), ( 125,  0, 19, 24),
   ( 145,  0, 13, 24), ( 159,  0, 13, 24), ( 173,  0, 18, 24), ( 192,  0, 16, 24),
   ( 209,  0, 23, 24), ( 233,  0, 19, 24), ( 253,  0, 19, 24), ( 273,  0, 16, 24),
   ( 290,  0, 19, 24), ( 310,  0, 18, 24), ( 329,  0, 15, 24), ( 345,  0, 18, 24),
   ( 364,  0, 19, 24), ( 384,  0, 19, 24), ( 404,  0, 25, 24), ( 430,  0, 21, 24),
   ( 452,  0, 21, 24), ( 474,  0, 17, 24), ( 492,  0, 16, 24), ( 509,  0, 14, 24),
   ( 524,  0, 15, 24), ( 540,  0, 14, 24), ( 555,  0, 13, 24), ( 569,  0, 13, 24),
   ( 583,  0, 15, 24), ( 599,  0, 16, 24), ( 616,  0, 11, 24), ( 628,  0, 11, 24),
   ( 640,  0, 15, 24), ( 656,  0, 13, 24), ( 670,  0, 19, 24), ( 690,  0, 16, 24),
   ( 707,  0, 16, 24), ( 724,  0, 14, 24), ( 739,  0, 18, 24), ( 758,  0, 15, 24),
   ( 774,  0, 13, 24), ( 788,  0, 15, 24), ( 804,  0, 16, 24), ( 821,  0, 16, 24),
   ( 838,  0, 20, 24), ( 859,  0, 17, 24), ( 877,  0, 17, 24), ( 895,  0, 14, 24),
   ( 910,  0, 15, 24), ( 926,  0, 12, 24), ( 939,  0, 16, 24), ( 956,  0, 15, 24),
   ( 972,  0, 17, 24), ( 990,  0, 15, 24), (1006,  0, 16, 24), (1023,  0, 15, 24),
   (1039,  0, 15, 24), (1055,  0, 15, 24), (1071,  0, 15, 24), (1087,  0, 10, 24),
   (1098,  0,  9, 24), (1108,  0, 19, 24), (1128,  0, 15, 24), (1144,  0, 13, 24),
   (1158,  0, 16, 24), (1175,  0, 11, 24), (1187,  0, 14, 24), (1202,  0, 13, 24),
   (1216,  0, 10, 24), (1227,  0, 10, 24), (1238,  0, 13, 24), (1252,  0, 13, 24),
   (1266,  0, 15, 24), (1282,  0, 14, 24), (1297,  0, 10, 24), (1308,  0, 12, 24),
   (1321,  0, 11, 24), (1333,  0, 12, 24), (1346,  0, 10, 24), (1357,  0, 10, 24),
   (1368,  0, 10, 24), (1379,  0, 15, 24), (1395,  0, 10, 24), (1406,  0, 13, 24),
   (1420,  0, 10, 24), (1431,  0, 13, 24), (1445,  0, 13, 24), (1459,  0, 13, 24),
   (1473,  0, 10, 24), (1484,  0, 15, 24), (1500,  0, 14, 24), (1515,  0, 15, 24),
   (1531,  0, 12, 24), (1544,  0, 16, 24), (1561,  0, 16, 24), (1578,  0, 13, 24),
   (1592,  0, 19, 24), (1612,  0, 19, 24), (1632,  0, 19, 24), (1652,  0, 19, 24),
   (1672,  0, 19, 24), (1692,  0, 19, 24), (1712,  0, 22, 24), (1735,  0, 13, 24),
   (1749,  0, 16, 24), (1766,  0, 16, 24), (1783,  0, 16, 24), (1800,  0, 16, 24),
   (1817,  0, 12, 24), (1830,  0, 12, 24), (1843,  0, 12, 24), (1856,  0, 12, 24),
   (1869,  0, 16, 24), (1886,  0, 19, 24), (1906,  0, 19, 24), (1926,  0, 19, 24),
   (1946,  0, 19, 24), (1966,  0, 19, 24), (1986,  0, 19, 24), (2006,  0, 19, 24),
   (2026,  0, 19, 24), (2046,  0, 19, 24), (2066,  0, 19, 24), (2086,  0, 19, 24),
   (2106,  0, 21, 24), (2128,  0, 14, 24), (2143,  0, 16, 24), (2160,  0, 16, 24),
   (2177,  0, 16, 24), (2194,  0, 16, 24), (2211,  0, 19, 24), (2231,  0, 19, 24),
   (2251,  0, 22, 24), (2274,  0, 13, 24), (2288,  0, 13, 24), (2302,  0, 13, 24),
   (2316,  0, 13, 24), (2330,  0, 13, 24), (2344,  0, 11, 24), (2356,  0, 11, 24),
   (2368,  0, 11, 24), (2380,  0, 12, 24), (2393,  0, 16, 24), (2410,  0, 16, 24),
   (2427,  0, 16, 24), (2444,  0, 16, 24), (2461,  0, 16, 24), (2478,  0, 16, 24),
   (2495,  0, 19, 24), (2515,  0, 16, 24), (2532,  0, 16, 24), (2549,  0, 16, 24),
   (2566,  0, 16, 24), (2583,  0, 16, 24), (2600,  0, 17, 24), (2618,  0, 17, 24));

Define OffsetList
 ( (-3, 0), (-3, 0), (-3, 0), (-3, 0), (-3, 0), (-3, 0), (-3, 0), (-3, 0),
   (-3, 0), (-3, 0), (-3, 0), (-3, 0), (-3, 0), (-3, 0), (-3, 0), (-3, 0),
   (-3, 0), (-3, 0), (-3, 0), (-3, 0), (-3, 0), (-3, 0), (-3, 0), (-2, 0),
   (-3, 0), (-3, 0), (-3, 0), (-3, 0), (-3, 0), (-3, 0), (-3, 0), (-3, 0),
   (-3, 0), (-3, 0), (-3, 0), (-3, 0), (-3, 0), (-3, 0), (-3, 0), (-3, 0),
   (-3, 0), (-3, 0), (-3, 0), (-3, 0), (-3, 0), (-3, 0), (-3, 0), (-3, 0),
   (-3, 0), (-3, 0), (-3, 0), (-3, 0), (-3, 0), (-3, 0), (-3, 0), (-3, 0),
   (-3, 0), (-3, 0), (-3, 0), (-2, 0), (-3, 0), (-3, 0), (-3, 0), (-3, 0),
   (-3, 0), (-2, 0), (-3, 0), (-3, 0), (-3, 0), (-3, 0), (-3, 0), (-3, 0),
   (-3, 0), (-3, 0), (-3, 0), (-3, 0), (-3, 0), (-3, 0), (-3, 0), (-3, 0),
   (-3, 0), (-3, 0), (-3, 0), (-3, 0), (-3, 0), (-2, 0), (-3, 0), (-3, 0),
   (-3, 0), (-3, 0), (-3, 0), (-3, 0), (-3, 0), (-3, 0), (-3, 0), (-4, 0),
   (-3, 0), (-3, 0), (-3, 0), (-3, 0), (-3, 0), (-3, 0), (-3, 0), (-3, 0),
   (-3, 0), (-3, 0), (-3, 0), (-3, 0), (-3, 0), (-3, 0), (-3, 0), (-3, 0),
   (-3, 0), (-3, 0), (-3, 0), (-3, 0), (-3, 0), (-3, 0), (-3, 0), (-3, 0),
   (-3, 0), (-3, 0), (-3, 0), (-3, 0), (-3, 0), (-3, 0), (-3, 0), (-3, 0),
   (-3, 0), (-3, 0), (-3, 0), (-3, 0), (-3, 0), (-3, 0), (-3, 0), (-3, 0),
   (-3, 0), (-3, 0), (-3, 0), (-3, 0), (-3, 0), (-3, 0), (-3, 0), (-3, 0),
   (-3, 0), (-3, 0), (-3, 0), (-3, 0), (-3, 0), (-3, 0), (-3, 0), (-3, 0),
   (-3, 0), (-3, 0), (-3, 0), (-3, 0), (-3, 0), (-3, 0), (-3, 0), (-3, 0));

Define KerningPairs
 ("AV","AW","Av","Aw","F,","F.","FA","LT","LV","LW","P,","P.","PA","T,","T.","TA",
  "Ta","V,","V.","VA","Va","W,","W.","WA","Wa","Wo","Y,","Y.","Ya","Yq","w,","w.",
  "y,","y.");

Define KerningValues (  -1,  -1,  -1,  -1,  -2,  -2,  -1,  -1,  -1,  -1,  -2,  -2,  -1,  -1,  -1,  -1,    -1,  -2,  -2,  -1,  -2,  -2,  -2,  -2,  -2,  -1,  -2,  -2,  -1,  -1,  -1,  -1,    -2,  -1);

CreateLayer               Main;
LayerSetImage             Main 'DwarvenTodcraft15';
LayerSetAscent            Main 18;
LayerSetCharWidths        Main CharList WidthList;
LayerSetCharWidths        Main (' ') (9);
LayerSetKerningPairs      Main KerningPairs KerningValues;
LayerSetImageMap          Main CharList RectList;
LayerSetCharOffsets       Main CharList OffsetList;
LayerSetAscentPadding     Main 0;
LayerSetLineSpacingOffset Main 0;
LayerSetPointSize         Main 15;

SetDefaultPointSize  15;
