Define CharList
 ( 'A', 'B', 'C', 'D', 'E', 'F', 'G', 'H', 'I', 'J', 'K', 'L', 'M', 'N', 'O', 'P',
   'Q', 'R', 'S', 'T', 'U', 'V', 'W', 'X', 'Y', 'Z', 'a', 'b', 'c', 'd', 'e', 'f',
   'g', 'h', 'i', 'j', 'k', 'l', 'm', 'n', 'o', 'p', 'q', 'r', 's', 't', 'u', 'v',
   'w', 'x', 'y', 'z', '0', '1', '2', '3', '4', '5', '6', '7', '8', '9', '~', '`',
   '!', '@', '#', '$', '%', '^', '&', '*', '(', ')', '-', '_', '=', '+', '[', '{',
   ']', '}', ';', ':',"'", '"', ',', '<', '.', '>', '/', '?', '¡', '¢', '£', '¥',
   '§', '©', '®', '¿', 'À', 'Á', 'Â', 'Ã', 'Ä', 'Å', 'Æ', 'Ç', 'È', 'É', 'Ê', 'Ë',
   'Ì', 'Í', 'Î', 'Ï', 'Ð', 'Ñ', 'Ò', 'Ó', 'Ô', 'Õ', 'Ö', 'Ø', 'Ù', 'Ú', 'Û', 'Ü',
   'Ý', 'ß', 'à', 'á', 'â', 'ã', 'ä', 'å', 'æ', 'ç', 'è', 'é', 'ê', 'ë', 'ì', 'í',
   'î', 'ï', 'ð', 'ñ', 'ò', 'ó', 'ô', 'õ', 'ö', 'ø', 'ù', 'ú', 'û', 'ü', 'ý', 'ÿ');

Define WidthList
 (  13,  12,  11,  13,  11,  12,  11,  13,   7,  11,  13,  10,  16,  13,  11,  13,
    12,  13,  11,  14,  13,  13,  19,  16,  15,  13,  11,  11,  10,  12,  11,  10,
    11,  12,   6,   8,  12,   6,  18,  12,  11,  12,  11,   9,  10,  10,  12,  13,
    17,  14,  14,  11,  12,   7,  12,  12,  13,  11,  12,  13,  12,  12,  11,   6,
     6,  18,  13,  10,  16,   7,  15,   9,   7,   7,   8,  23,  10,   9,   8,  10,
     8,   9,   5,   5,   4,   8,   5,  10,   5,  10,  13,  12,   6,   9,  13,  15,
    14,   8,   9,  12,  13,  13,  13,  13,  13,  13,  17,  14,  11,  11,  11,  11,
     7,   7,   7,   7,  11,  13,  11,  11,  11,  11,  11,  15,  13,  13,  13,  13,
    11,  14,  11,  11,  11,  11,  11,  11,  16,  11,  11,  11,  11,  11,   7,   6,
     6,   8,  11,  12,  11,  11,  11,  11,  11,  11,  12,  12,  12,  12,  11,  14);

Define RectList
 ( (   0,  0, 20, 43), (  21,  0, 19, 43), (  41,  0, 19, 43), (  61,  0, 21, 43),
   (  83,  0, 19, 43), ( 103,  0, 19, 43), ( 123,  0, 19, 43), ( 143,  0, 21, 43),
   ( 165,  0, 15, 43), ( 181,  0, 19, 43), ( 201,  0, 21, 43), ( 223,  0, 17, 43),
   ( 241,  0, 24, 43), ( 266,  0, 20, 43), ( 287,  0, 19, 43), ( 307,  0, 20, 43),
   ( 328,  0, 20, 43), ( 349,  0, 20, 43), ( 370,  0, 19, 43), ( 390,  0, 21, 43),
   ( 412,  0, 20, 43), ( 433,  0, 21, 43), ( 455,  0, 26, 43), ( 482,  0, 23, 43),
   ( 506,  0, 23, 43), ( 530,  0, 20, 43), ( 551,  0, 18, 43), ( 570,  0, 19, 43),
   ( 590,  0, 18, 43), ( 609,  0, 19, 43), ( 629,  0, 19, 43), ( 649,  0, 17, 43),
   ( 667,  0, 19, 43), ( 687,  0, 19, 43), ( 707,  0, 13, 43), ( 721,  0, 16, 43),
   ( 738,  0, 20, 43), ( 759,  0, 14, 43), ( 774,  0, 25, 43), ( 800,  0, 19, 43),
   ( 820,  0, 18, 43), ( 839,  0, 19, 43), ( 859,  0, 19, 43), ( 879,  0, 17, 43),
   ( 897,  0, 17, 43), ( 915,  0, 18, 43), ( 934,  0, 20, 43), ( 955,  0, 21, 43),
   ( 977,  0, 25, 43), (1003,  0, 21, 43), (1025,  0, 22, 43), (1048,  0, 18, 43),
   (1067,  0, 20, 43), (1088,  0, 15, 43), (1104,  0, 20, 43), (1125,  0, 19, 43),
   (1145,  0, 21, 43), (1167,  0, 19, 43), (1187,  0, 20, 43), (1208,  0, 20, 43),
   (1229,  0, 20, 43), (1250,  0, 20, 43), (1271,  0, 19, 43), (1291,  0, 14, 43),
   (1306,  0, 14, 43), (1321,  0, 26, 43), (1348,  0, 20, 43), (1369,  0, 18, 43),
   (1388,  0, 24, 43), (1413,  0, 15, 43), (1429,  0, 22, 43), (1452,  0, 17, 43),
   (1470,  0, 15, 43), (1486,  0, 15, 43), (1502,  0, 16, 43), (1519,  0, 31, 43),
   (1551,  0, 18, 43), (1570,  0, 17, 43), (1588,  0, 16, 43), (1605,  0, 18, 43),
   (1624,  0, 16, 43), (1641,  0, 17, 43), (1659,  0, 13, 43), (1673,  0, 13, 43),
   (1687,  0, 12, 43), (1700,  0, 16, 43), (1717,  0, 13, 43), (1731,  0, 17, 43),
   (1749,  0, 13, 43), (1763,  0, 18, 43), (1782,  0, 20, 43), (1803,  0, 20, 43),
   (1824,  0, 14, 43), (1839,  0, 17, 43), (1857,  0, 20, 43), (1878,  0, 29, 43),
   (1908,  0, 22, 43), (1931,  0, 16, 43), (1948,  0, 16, 43), (1965,  0, 20, 43),
   (1986,  0, 20, 43), (2007,  0, 20, 43), (2028,  0, 20, 43), (2049,  0, 20, 43),
   (2070,  0, 20, 43), (2091,  0, 20, 43), (2112,  0, 25, 43), (2138,  0, 21, 43),
   (2160,  0, 19, 43), (2180,  0, 19, 43), (2200,  0, 19, 43), (2220,  0, 19, 43),
   (2240,  0, 16, 43), (2257,  0, 15, 43), (2273,  0, 15, 43), (2289,  0, 17, 43),
   (2307,  0, 17, 43), (2325,  0, 20, 43), (2346,  0, 19, 43), (2366,  0, 19, 43),
   (2386,  0, 19, 43), (2406,  0, 19, 43), (2426,  0, 19, 43), (2446,  0, 22, 43),
   (2469,  0, 20, 43), (2490,  0, 20, 43), (2511,  0, 20, 43), (2532,  0, 20, 43),
   (2553,  0, 17, 43), (2571,  0, 22, 43), (2594,  0, 18, 43), (2613,  0, 18, 43),
   (2632,  0, 18, 43), (2651,  0, 19, 43), (2671,  0, 18, 43), (2690,  0, 18, 43),
   (2709,  0, 23, 43), (2733,  0, 19, 43), (2753,  0, 19, 43), (2773,  0, 19, 43),
   (2793,  0, 19, 43), (2813,  0, 19, 43), (2833,  0, 15, 43), (2849,  0, 14, 43),
   (2864,  0, 15, 43), (2880,  0, 17, 43), (2898,  0, 17, 43), (2916,  0, 19, 43),
   (2936,  0, 18, 43), (2955,  0, 18, 43), (2974,  0, 18, 43), (2993,  0, 19, 43),
   (3013,  0, 18, 43), (3032,  0, 19, 43), (3052,  0, 20, 43), (3073,  0, 20, 43),
   (3094,  0, 20, 43), (3115,  0, 20, 43), (3136,  0, 17, 43), (3154,  0, 22, 43));

Define OffsetList
 ( (-4, 0), (-4, 0), (-4, 0), (-4, 0), (-4, 0), (-4, 0), (-4, 0), (-4, 0),
   (-4, 0), (-4, 0), (-4, 0), (-4, 0), (-4, 0), (-4, 0), (-4, 0), (-4, 0),
   (-4, 0), (-4, 0), (-4, 0), (-4, 0), (-4, 0), (-4, 0), (-4, 0), (-4, 0),
   (-4, 0), (-4, 0), (-4, 0), (-4, 0), (-4, 0), (-4, 0), (-4, 0), (-4, 0),
   (-4, 0), (-4, 0), (-4, 0), (-5, 0), (-4, 0), (-4, 0), (-4, 0), (-4, 0),
   (-4, 0), (-4, 0), (-4, 0), (-4, 0), (-4, 0), (-4, 0), (-4, 0), (-4, 0),
   (-4, 0), (-4, 0), (-4, 0), (-4, 0), (-4, 0), (-4, 0), (-4, 0), (-4, 0),
   (-4, 0), (-4, 0), (-4, 0), (-4, 0), (-4, 0), (-4, 0), (-4, 0), (-4, 0),
   (-4, 0), (-4, 0), (-4, 0), (-4, 0), (-4, 0), (-4, 0), (-4, 0), (-4, 0),
   (-4, 0), (-4, 0), (-4, 0), (-4, 0), (-4, 0), (-4, 0), (-4, 0), (-4, 0),
   (-4, 0), (-4, 0), (-4, 0), (-4, 0), (-4, 0), (-4, 0), (-4, 0), (-4, 0),
   (-4, 0), (-4, 0), (-4, 0), (-4, 0), (-4, 0), (-4, 0), (-4, 0), (-7, 0),
   (-4, 0), (-4, 0), (-4, 0), (-4, 0), (-4, 0), (-4, 0), (-4, 0), (-4, 0),
   (-4, 0), (-4, 0), (-4, 0), (-4, 0), (-4, 0), (-4, 0), (-4, 0), (-4, 0),
   (-5, 0), (-4, 0), (-4, 0), (-5, 0), (-3, 0), (-4, 0), (-4, 0), (-4, 0),
   (-4, 0), (-4, 0), (-4, 0), (-4, 0), (-4, 0), (-4, 0), (-4, 0), (-4, 0),
   (-3, 0), (-4, 0), (-4, 0), (-4, 0), (-4, 0), (-5, 0), (-4, 0), (-4, 0),
   (-4, 0), (-4, 0), (-4, 0), (-4, 0), (-4, 0), (-4, 0), (-4, 0), (-4, 0),
   (-5, 0), (-5, 0), (-3, 0), (-4, 0), (-4, 0), (-4, 0), (-4, 0), (-4, 0),
   (-4, 0), (-4, 0), (-4, 0), (-4, 0), (-4, 0), (-4, 0), (-3, 0), (-4, 0));

CreateLayer               Outline;
LayerSetImage             Outline 'HouseofTerror20Outline';
LayerSetAscent            Outline 31;
LayerSetCharWidths        Outline CharList WidthList;
LayerSetCharWidths        Outline (' ') (7);
LayerSetImageMap          Outline CharList RectList;
LayerSetCharOffsets       Outline CharList OffsetList;
LayerSetAscentPadding     Outline 3;
LayerSetLineSpacingOffset Outline 0;
LayerSetPointSize         Outline 20;

CreateLayer               Main;
LayerSetImage             Main 'HouseofTerror20';
LayerSetAscent            Main 31;
LayerSetCharWidths        Main CharList WidthList;
LayerSetCharWidths        Main (' ') (7);
LayerSetImageMap          Main CharList RectList;
LayerSetCharOffsets       Main CharList OffsetList;
LayerSetAscentPadding     Main 3;
LayerSetLineSpacingOffset Main 0;
LayerSetPointSize         Main 20;

SetDefaultPointSize  20;
