Define CharList
 ( 'A', 'B', 'C', 'D', 'E', 'F', 'G', 'H', 'I', 'J', 'K', 'L', 'M', 'N', 'O', 'P',
   'Q', 'R', 'S', 'T', 'U', 'V', 'W', 'X', 'Y', 'Z', 'a', 'b', 'c', 'd', 'e', 'f',
   'g', 'h', 'i', 'j', 'k', 'l', 'm', 'n', 'o', 'p', 'q', 'r', 's', 't', 'u', 'v',
   'w', 'x', 'y', 'z', '0', '1', '2', '3', '4', '5', '6', '7', '8', '9', '~', '`',
   '!', '@', '#', '$', '%', '^', '&', '*', '(', ')', '-', '_', '=', '+', '[', '{',
   ']', '}', ';', ':',"'", '"', ',', '<', '.', '>', '/', '?', '¡', '¢', '£', '¥',
   '§', '©', '®', '¿', 'À', 'Á', 'Â', 'Ã', 'Ä', 'Å', 'Æ', 'Ç', 'È', 'É', 'Ê', 'Ë',
   'Ì', 'Í', 'Î', 'Ï', 'Ð', 'Ñ', 'Ò', 'Ó', 'Ô', 'Õ', 'Ö', 'Ø', 'Ù', 'Ú', 'Û', 'Ü',
   'Ý', 'ß', 'à', 'á', 'â', 'ã', 'ä', 'å', 'æ', 'ç', 'è', 'é', 'ê', 'ë', 'ì', 'í',
   'î', 'ï', 'ð', 'ñ', 'ò', 'ó', 'ô', 'õ', 'ö', 'ø', 'ù', 'ú', 'û', 'ü', 'ý', 'ÿ');

Define WidthList
 (   7,   7,   7,   7,   7,   7,   7,   7,   5,   7,   7,   7,   7,   7,   7,   7,
     7,   7,   7,   7,   7,   7,   7,   7,   7,   7,   7,   7,   7,   7,   7,   5,
     7,   7,   3,   4,   7,   3,   7,   7,   7,   7,   7,   7,   7,   6,   7,   7,
     7,   7,   7,   7,   7,   6,   7,   7,   7,   7,   7,   7,   7,   7,   6,   4,
     3,   9,   7,   7,   9,   5,   7,   7,   5,   5,   7,   7,   7,   7,   4,   5,
     4,   5,   4,   3,   2,   4,   4,   5,   3,   5,   5,   7,   3,   7,   8,   7,
     6,   9,   9,   7,   7,   7,   7,   7,   7,   7,  12,   7,   7,   7,   7,   7,
     5,   5,   5,   5,   8,   7,   7,   7,   7,   7,   7,   9,   7,   7,   7,   7,
     7,   7,   7,   7,   7,   7,   7,   7,  11,   7,   7,   7,   7,   7,   3,   3,
     3,   3,   7,   7,   7,   7,   7,   7,   7,   9,   7,   7,   7,   7,   7,   7);

Define RectList
 ( (   0,  0,  5, 12), (   6,  0,  5, 12), (  12,  0,  5, 12), (  18,  0,  5, 12),
   (  24,  0,  5, 12), (  30,  0,  5, 12), (  36,  0,  5, 12), (  42,  0,  5, 12),
   (  48,  0,  3, 12), (  52,  0,  5, 12), (  58,  0,  5, 12), (  64,  0,  5, 12),
   (  70,  0,  5, 12), (  76,  0,  5, 12), (  82,  0,  5, 12), (  88,  0,  5, 12),
   (  94,  0,  5, 12), ( 100,  0,  5, 12), ( 106,  0,  5, 12), ( 112,  0,  5, 12),
   ( 118,  0,  5, 12), ( 124,  0,  5, 12), ( 130,  0,  5, 12), ( 136,  0,  5, 12),
   ( 142,  0,  5, 12), ( 148,  0,  5, 12), ( 154,  0,  5, 12), ( 160,  0,  5, 12),
   ( 166,  0,  5, 12), ( 172,  0,  5, 12), ( 178,  0,  5, 12), ( 184,  0,  4, 12),
   ( 189,  0,  5, 12), ( 195,  0,  5, 12), ( 201,  0,  1, 12), ( 203,  0,  3, 12),
   ( 207,  0,  5, 12), ( 213,  0,  1, 12), ( 215,  0,  5, 12), ( 221,  0,  5, 12),
   ( 227,  0,  5, 12), ( 233,  0,  5, 12), ( 239,  0,  5, 12), ( 245,  0,  5, 12),
   ( 251,  0,  5, 12), ( 257,  0,  4, 12), ( 262,  0,  5, 12), ( 268,  0,  5, 12),
   ( 274,  0,  5, 12), ( 280,  0,  5, 12), ( 286,  0,  5, 12), ( 292,  0,  5, 12),
   ( 298,  0,  5, 12), ( 304,  0,  2, 12), ( 307,  0,  5, 12), ( 313,  0,  5, 12),
   ( 319,  0,  5, 12), ( 325,  0,  5, 12), ( 331,  0,  5, 12), ( 337,  0,  5, 12),
   ( 343,  0,  5, 12), ( 349,  0,  5, 12), ( 355,  0,  4, 12), ( 360,  0,  2, 12),
   ( 363,  0,  1, 12), ( 365,  0,  7, 12), ( 373,  0,  5, 12), ( 379,  0,  5, 12),
   ( 385,  0,  7, 12), ( 393,  0,  3, 12), ( 397,  0,  5, 12), ( 403,  0,  5, 12),
   ( 409,  0,  3, 12), ( 413,  0,  3, 12), ( 417,  0,  5, 12), ( 423,  0,  5, 12),
   ( 429,  0,  5, 12), ( 435,  0,  5, 12), ( 441,  0,  2, 12), ( 444,  0,  3, 12),
   ( 448,  0,  2, 12), ( 451,  0,  3, 12), ( 455,  0,  2, 12), ( 458,  0,  1, 12),
   ( 460,  0,  1, 12), ( 462,  0,  3, 12), ( 466,  0,  2, 12), ( 469,  0,  3, 12),
   ( 473,  0,  1, 12), ( 475,  0,  3, 12), ( 479,  0,  3, 12), ( 483,  0,  5, 12),
   ( 489,  0,  1, 12), ( 491,  0,  5, 12), ( 497,  0,  6, 12), ( 504,  0,  5, 12),
   ( 510,  0,  4, 12), ( 515,  0,  8, 12), ( 524,  0,  8, 12), ( 533,  0,  5, 12),
   ( 539,  0,  5, 12), ( 545,  0,  5, 12), ( 551,  0,  5, 12), ( 557,  0,  5, 12),
   ( 563,  0,  5, 12), ( 569,  0,  5, 12), ( 575,  0, 10, 12), ( 586,  0,  5, 12),
   ( 592,  0,  5, 12), ( 598,  0,  5, 12), ( 604,  0,  5, 12), ( 610,  0,  5, 12),
   ( 616,  0,  3, 12), ( 620,  0,  3, 12), ( 624,  0,  3, 12), ( 628,  0,  3, 12),
   ( 632,  0,  6, 12), ( 639,  0,  5, 12), ( 645,  0,  5, 12), ( 651,  0,  5, 12),
   ( 657,  0,  5, 12), ( 663,  0,  5, 12), ( 669,  0,  5, 12), ( 675,  0,  7, 12),
   ( 683,  0,  5, 12), ( 689,  0,  5, 12), ( 695,  0,  5, 12), ( 701,  0,  5, 12),
   ( 707,  0,  5, 12), ( 713,  0,  5, 12), ( 719,  0,  5, 12), ( 725,  0,  5, 12),
   ( 731,  0,  5, 12), ( 737,  0,  5, 12), ( 743,  0,  5, 12), ( 749,  0,  5, 12),
   ( 755,  0,  9, 12), ( 765,  0,  5, 12), ( 771,  0,  5, 12), ( 777,  0,  5, 12),
   ( 783,  0,  5, 12), ( 789,  0,  5, 12), ( 795,  0,  2, 12), ( 798,  0,  2, 12),
   ( 801,  0,  3, 12), ( 805,  0,  3, 12), ( 809,  0,  5, 12), ( 815,  0,  5, 12),
   ( 821,  0,  5, 12), ( 827,  0,  5, 12), ( 833,  0,  5, 12), ( 839,  0,  5, 12),
   ( 845,  0,  5, 12), ( 851,  0,  7, 12), ( 859,  0,  5, 12), ( 865,  0,  5, 12),
   ( 871,  0,  5, 12), ( 877,  0,  5, 12), ( 883,  0,  5, 12), ( 889,  0,  5, 12));

Define OffsetList
 ( ( 1, 0), ( 1, 0), ( 1, 0), ( 1, 0), ( 1, 0), ( 1, 0), ( 1, 0), ( 1, 0),
   ( 1, 0), ( 1, 0), ( 1, 0), ( 1, 0), ( 1, 0), ( 1, 0), ( 1, 0), ( 1, 0),
   ( 1, 0), ( 1, 0), ( 1, 0), ( 1, 0), ( 1, 0), ( 1, 0), ( 1, 0), ( 1, 0),
   ( 1, 0), ( 1, 0), ( 1, 0), ( 1, 0), ( 1, 0), ( 1, 0), ( 1, 0), ( 1, 0),
   ( 1, 0), ( 1, 0), ( 1, 0), ( 0, 0), ( 1, 0), ( 1, 0), ( 1, 0), ( 1, 0),
   ( 1, 0), ( 1, 0), ( 1, 0), ( 1, 0), ( 1, 0), ( 1, 0), ( 1, 0), ( 1, 0),
   ( 1, 0), ( 1, 0), ( 1, 0), ( 1, 0), ( 1, 0), ( 2, 0), ( 1, 0), ( 1, 0),
   ( 1, 0), ( 1, 0), ( 1, 0), ( 1, 0), ( 1, 0), ( 1, 0), ( 1, 0), ( 1, 0),
   ( 1, 0), ( 1, 0), ( 1, 0), ( 1, 0), ( 1, 0), ( 1, 0), ( 1, 0), ( 1, 0),
   ( 1, 0), ( 1, 0), ( 1, 0), ( 1, 0), ( 1, 0), ( 1, 0), ( 1, 0), ( 1, 0),
   ( 1, 0), ( 1, 0), ( 1, 0), ( 1, 0), ( 0, 0), ( 0, 0), ( 1, 0), ( 1, 0),
   ( 1, 0), ( 1, 0), ( 1, 0), ( 1, 0), ( 1, 0), ( 1, 0), ( 1, 0), ( 1, 0),
   ( 1, 0), ( 1, 0), ( 1, 0), ( 1, 0), ( 1, 0), ( 1, 0), ( 1, 0), ( 1, 0),
   ( 1, 0), ( 1, 0), ( 1, 0), ( 1, 0), ( 1, 0), ( 1, 0), ( 1, 0), ( 1, 0),
   ( 1, 0), ( 1, 0), ( 1, 0), ( 1, 0), ( 1, 0), ( 1, 0), ( 1, 0), ( 1, 0),
   ( 1, 0), ( 1, 0), ( 1, 0), ( 1, 0), ( 1, 0), ( 1, 0), ( 1, 0), ( 1, 0),
   ( 1, 0), ( 1, 0), ( 1, 0), ( 1, 0), ( 1, 0), ( 1, 0), ( 1, 0), ( 1, 0),
   ( 1, 0), ( 1, 0), ( 1, 0), ( 1, 0), ( 1, 0), ( 1, 0), ( 0, 0), ( 1, 0),
   ( 0, 0), ( 0, 0), ( 1, 0), ( 1, 0), ( 1, 0), ( 1, 0), ( 1, 0), ( 1, 0),
   ( 1, 0), ( 1, 0), ( 1, 0), ( 1, 0), ( 1, 0), ( 1, 0), ( 1, 0), ( 1, 0));

CreateLayer               Main;
LayerSetImage             Main 'Pico129';
LayerSetAscent            Main 10;
LayerSetCharWidths        Main CharList WidthList;
LayerSetCharWidths        Main (' ') (3);
LayerSetImageMap          Main CharList RectList;
LayerSetCharOffsets       Main CharList OffsetList;
LayerSetAscentPadding     Main 0;
LayerSetLineSpacingOffset Main 0;
LayerSetPointSize         Main 9;

SetDefaultPointSize  9;
