Define CharList
 ( 'A', 'B', 'C', 'D', 'E', 'F', 'G', 'H', 'I', 'J', 'K', 'L', 'M', 'N', 'O', 'P',
   'Q', 'R', 'S', 'T', 'U', 'V', 'W', 'X', 'Y', 'Z', 'a', 'b', 'c', 'd', 'e', 'f',
   'g', 'h', 'i', 'j', 'k', 'l', 'm', 'n', 'o', 'p', 'q', 'r', 's', 't', 'u', 'v',
   'w', 'x', 'y', 'z', '0', '1', '2', '3', '4', '5', '6', '7', '8', '9', '~', '`',
   '!', '@', '#', '$', '%', '^', '&', '*', '(', ')', '-', '_', '=', '+', '[', '{',
   ']', '}', ';', ':',"'", '"', ',', '<', '.', '>', '/', '?', '¡', '¢', '£', '¥',
   '§', '©', '®', '¿', 'À', 'Á', 'Â', 'Ã', 'Ä', 'Å', 'Æ', 'Ç', 'È', 'É', 'Ê', 'Ë',
   'Ì', 'Í', 'Î', 'Ï', 'Ð', 'Ñ', 'Ò', 'Ó', 'Ô', 'Õ', 'Ö', 'Ø', 'Ù', 'Ú', 'Û', 'Ü',
   'Ý', 'ß', 'à', 'á', 'â', 'ã', 'ä', 'å', 'æ', 'ç', 'è', 'é', 'ê', 'ë', 'ì', 'í',
   'î', 'ï', 'ð', 'ñ', 'ò', 'ó', 'ô', 'õ', 'ö', 'ø', 'ù', 'ú', 'û', 'ü', 'ý', 'ÿ');

Define WidthList
 (   8,   8,   8,   8,   7,   7,   8,   8,   4,   6,   8,   7,  10,   8,   8,   8,
     8,   8,   7,   8,   8,   9,  10,   8,   8,   8,   7,   7,   7,   7,   7,   6,
     7,   7,   4,   4,   8,   4,  10,   7,   7,   7,   7,   6,   7,   6,   7,   7,
    10,   8,   7,   8,  10,   7,   8,   8,   8,   8,   8,   8,   8,   8,   6,   3,
     4,  11,   9,  10,  13,   5,   9,  10,   5,   5,   8,   8,   8,   8,   5,   6,
     5,   6,   4,   4,   3,   6,   5,   7,   4,   7,   6,   8,   6,   6,   6,   6,
     6,   6,   6,   6,   6,   6,   6,   6,   6,   6,   6,   6,   6,   6,   6,   6,
     6,   6,   6,   6,   6,   6,   6,   6,   6,   6,   6,   6,   6,   6,   6,   6,
     6,   6,   6,   6,   6,   6,   6,   6,   6,   6,   6,   6,   6,   6,   6,   6,
     6,   6,   6,   6,   6,   6,   6,   6,   6,   6,   6,   6,   6,   6,   6,   6);

Define RectList
 ( (   0,  0,  6, 11), (   7,  0,  6, 11), (  14,  0,  6, 11), (  21,  0,  6, 11),
   (  28,  0,  5, 11), (  34,  0,  5, 11), (  40,  0,  6, 11), (  47,  0,  6, 11),
   (  54,  0,  2, 11), (  57,  0,  4, 11), (  62,  0,  6, 11), (  69,  0,  5, 11),
   (  75,  0,  8, 11), (  84,  0,  6, 11), (  91,  0,  6, 11), (  98,  0,  6, 11),
   ( 105,  0,  6, 11), ( 112,  0,  6, 11), ( 119,  0,  5, 11), ( 125,  0,  6, 11),
   ( 132,  0,  6, 11), ( 139,  0,  7, 11), ( 147,  0,  8, 11), ( 156,  0,  6, 11),
   ( 163,  0,  6, 11), ( 170,  0,  6, 11), ( 177,  0,  5, 11), ( 183,  0,  5, 11),
   ( 189,  0,  5, 11), ( 195,  0,  5, 11), ( 201,  0,  5, 11), ( 207,  0,  4, 11),
   ( 212,  0,  5, 11), ( 218,  0,  5, 11), ( 224,  0,  2, 11), ( 227,  0,  3, 11),
   ( 231,  0,  6, 11), ( 238,  0,  2, 11), ( 241,  0,  8, 11), ( 250,  0,  5, 11),
   ( 256,  0,  5, 11), ( 262,  0,  5, 11), ( 268,  0,  5, 11), ( 274,  0,  4, 11),
   ( 279,  0,  5, 11), ( 285,  0,  4, 11), ( 290,  0,  5, 11), ( 296,  0,  5, 11),
   ( 302,  0,  8, 11), ( 311,  0,  6, 11), ( 318,  0,  5, 11), ( 324,  0,  6, 11),
   ( 331,  0,  8, 11), ( 340,  0,  4, 11), ( 345,  0,  6, 11), ( 352,  0,  6, 11),
   ( 359,  0,  6, 11), ( 366,  0,  6, 11), ( 373,  0,  6, 11), ( 380,  0,  6, 11),
   ( 387,  0,  6, 11), ( 394,  0,  6, 11), ( 401,  0,  4, 11), ( 406,  0,  2, 11),
   ( 409,  0,  2, 11), ( 412,  0,  9, 11), ( 422,  0,  7, 11), ( 430,  0,  8, 11),
   ( 439,  0, 11, 11), ( 451,  0,  3, 11), ( 455,  0,  7, 11), ( 463,  0,  8, 11),
   ( 472,  0,  3, 11), ( 476,  0,  3, 11), ( 480,  0,  6, 11), ( 487,  0,  6, 11),
   ( 494,  0,  6, 11), ( 501,  0,  6, 11), ( 508,  0,  3, 11), ( 512,  0,  4, 11),
   ( 517,  0,  3, 11), ( 521,  0,  4, 11), ( 526,  0,  3, 11), ( 530,  0,  2, 11),
   ( 533,  0,  2, 11), ( 536,  0,  5, 11), ( 542,  0,  3, 11), ( 546,  0,  5, 11),
   ( 552,  0,  2, 11), ( 555,  0,  5, 11), ( 561,  0,  4, 11), ( 566,  0,  6, 11),
   ( 573,  0,  5, 11), ( 579,  0,  5, 11), ( 585,  0,  5, 11), ( 591,  0,  5, 11),
   ( 597,  0,  5, 11), ( 603,  0,  5, 11), ( 609,  0,  5, 11), ( 615,  0,  5, 11),
   ( 621,  0,  5, 11), ( 627,  0,  5, 11), ( 633,  0,  5, 11), ( 639,  0,  5, 11),
   ( 645,  0,  5, 11), ( 651,  0,  5, 11), ( 657,  0,  5, 11), ( 663,  0,  5, 11),
   ( 669,  0,  5, 11), ( 675,  0,  5, 11), ( 681,  0,  5, 11), ( 687,  0,  5, 11),
   ( 693,  0,  5, 11), ( 699,  0,  5, 11), ( 705,  0,  5, 11), ( 711,  0,  5, 11),
   ( 717,  0,  5, 11), ( 723,  0,  5, 11), ( 729,  0,  5, 11), ( 735,  0,  5, 11),
   ( 741,  0,  5, 11), ( 747,  0,  5, 11), ( 753,  0,  5, 11), ( 759,  0,  5, 11),
   ( 765,  0,  5, 11), ( 771,  0,  5, 11), ( 777,  0,  5, 11), ( 783,  0,  5, 11),
   ( 789,  0,  5, 11), ( 795,  0,  5, 11), ( 801,  0,  5, 11), ( 807,  0,  5, 11),
   ( 813,  0,  5, 11), ( 819,  0,  5, 11), ( 825,  0,  5, 11), ( 831,  0,  5, 11),
   ( 837,  0,  5, 11), ( 843,  0,  5, 11), ( 849,  0,  5, 11), ( 855,  0,  5, 11),
   ( 861,  0,  5, 11), ( 867,  0,  5, 11), ( 873,  0,  5, 11), ( 879,  0,  5, 11),
   ( 885,  0,  5, 11), ( 891,  0,  5, 11), ( 897,  0,  5, 11), ( 903,  0,  5, 11),
   ( 909,  0,  5, 11), ( 915,  0,  5, 11), ( 921,  0,  5, 11), ( 927,  0,  5, 11),
   ( 933,  0,  5, 11), ( 939,  0,  5, 11), ( 945,  0,  5, 11), ( 951,  0,  5, 11),
   ( 957,  0,  5, 11), ( 963,  0,  5, 11), ( 969,  0,  5, 11), ( 975,  0,  5, 11));

Define OffsetList
 ( ( 1, 0), ( 1, 0), ( 1, 0), ( 1, 0), ( 1, 0), ( 1, 0), ( 1, 0), ( 1, 0),
   ( 1, 0), ( 1, 0), ( 1, 0), ( 1, 0), ( 1, 0), ( 1, 0), ( 1, 0), ( 1, 0),
   ( 1, 0), ( 1, 0), ( 1, 0), ( 1, 0), ( 1, 0), ( 1, 0), ( 1, 0), ( 1, 0),
   ( 1, 0), ( 1, 0), ( 1, 0), ( 1, 0), ( 1, 0), ( 1, 0), ( 1, 0), ( 1, 0),
   ( 1, 0), ( 1, 0), ( 1, 0), ( 0, 0), ( 1, 0), ( 1, 0), ( 1, 0), ( 1, 0),
   ( 1, 0), ( 1, 0), ( 1, 0), ( 1, 0), ( 1, 0), ( 1, 0), ( 1, 0), ( 1, 0),
   ( 1, 0), ( 1, 0), ( 1, 0), ( 1, 0), ( 1, 0), ( 1, 0), ( 1, 0), ( 1, 0),
   ( 1, 0), ( 1, 0), ( 1, 0), ( 1, 0), ( 1, 0), ( 1, 0), ( 1, 0), ( 0, 0),
   ( 1, 0), ( 1, 0), ( 1, 0), ( 1, 0), ( 1, 0), ( 1, 0), ( 1, 0), ( 1, 0),
   ( 1, 0), ( 1, 0), ( 1, 0), ( 1, 0), ( 1, 0), ( 1, 0), ( 1, 0), ( 1, 0),
   ( 1, 0), ( 1, 0), ( 0, 0), ( 1, 0), ( 0, 0), ( 0, 0), ( 1, 0), ( 1, 0),
   ( 1, 0), ( 1, 0), ( 1, 0), ( 1, 0), ( 0, 0), ( 0, 0), ( 0, 0), ( 0, 0),
   ( 0, 0), ( 0, 0), ( 0, 0), ( 0, 0), ( 0, 0), ( 0, 0), ( 0, 0), ( 0, 0),
   ( 0, 0), ( 0, 0), ( 0, 0), ( 0, 0), ( 0, 0), ( 0, 0), ( 0, 0), ( 0, 0),
   ( 0, 0), ( 0, 0), ( 0, 0), ( 0, 0), ( 0, 0), ( 0, 0), ( 0, 0), ( 0, 0),
   ( 0, 0), ( 0, 0), ( 0, 0), ( 0, 0), ( 0, 0), ( 0, 0), ( 0, 0), ( 0, 0),
   ( 0, 0), ( 0, 0), ( 0, 0), ( 0, 0), ( 0, 0), ( 0, 0), ( 0, 0), ( 0, 0),
   ( 0, 0), ( 0, 0), ( 0, 0), ( 0, 0), ( 0, 0), ( 0, 0), ( 0, 0), ( 0, 0),
   ( 0, 0), ( 0, 0), ( 0, 0), ( 0, 0), ( 0, 0), ( 0, 0), ( 0, 0), ( 0, 0),
   ( 0, 0), ( 0, 0), ( 0, 0), ( 0, 0), ( 0, 0), ( 0, 0), ( 0, 0), ( 0, 0));

CreateLayer               Main;
LayerSetImage             Main 'Pix118Bold';
LayerSetAscent            Main 9;
LayerSetCharWidths        Main CharList WidthList;
LayerSetCharWidths        Main (' ') (4);
LayerSetImageMap          Main CharList RectList;
LayerSetCharOffsets       Main CharList OffsetList;
LayerSetAscentPadding     Main 0;
LayerSetLineSpacingOffset Main 0;
LayerSetPointSize         Main 8;

SetDefaultPointSize  8;
